gene1,gene2,avgdeg,avgbet,avgclose,avgcore,avgcons,avgecc,avgeigen_cen,avghub_score,avgneighbor1,avgneighbor2,avgneighbor3,avgneighbor4,avgneighbor5,avgneighbor6,avgtriangle,avgcommon_neighbor,comm.detect,shortest_path,cohesion,adhesion
7157,1029,319.5,11982739,0,25.5,0,14.5,0.5,0.5,320.5,4735,12061,16059,17902,19192.5,2086.5,319.5,1,4,1,1
4214,3551,52.5,259087.5,0,18.5,0,15,0,0,53.5,1846,9347.5,14099.5,17240,18903.5,140,52.5,1,3,9,9
4214,5347,75.5,878647.5,0,18.5,0,15,0,0,76.5,2294,9703.5,15032,17468.5,18942.5,138,75.5,1,2,21,21
7157,595,309.5,11964667.5,0,25.5,0,14,0.5,0.5,310.5,4561.5,11811.5,15849,17961,19417.5,2068,309.5,1,4,1,1
558,11183,7.5,3957.5,0,6.5,0,16,0,0,8.5,726,5932.5,12099,15737.5,17896,4.5,7.5,1,3,8,8
2033,10155,265,12400128.5,0,21,0,14,0,0,266,4304,11068.5,15946,18041,19541,1364.5,265,1,4,3,3
2113,4602,14.5,107528,0,12,0,14,0,0,15.5,1127,7796.5,13828.5,17146.5,18726,24,14.5,1,3,1,1
3725,7317,70.5,313156,0,19,0,14.5,0,0,71.5,2381.5,9507.5,14686,17502,18885,163,70.5,1,3,3,3
5608,10155,92,1422278,0,14.5,0,15,0,0,93,2129.5,7901.5,13618,16823.5,18520.5,338,92,1,3,25,27
4609,4602,250.5,2813960,0,21,0,14,0,0,251.5,3280,9590.5,14589.5,17470.5,19057,1376,250.5,1,4,1,1
4609,55023,247,2711059.5,0,19,0,14.5,0,0,248,3099.5,8958.5,14178,17267,18854.5,1366,247,1,4,2,2
7020,57561,17,57343,0,12.5,0,14.5,0,0,18,1159.5,7676.5,13339.5,16887.5,18733,26,17,1,3,1,1
7020,10155,99.5,1476067,0,18.5,0,14.5,0,0,100.5,2816,9834,15224,17683.5,19188,357.5,99.5,1,4,1,1
7020,7317,34.5,124561.5,0,16.5,0,14.5,0,0,35.5,1830.5,8920.5,14507,17454,18902,40,34.5,1,4,1,1
7020,4602,21.5,159929.5,0,15.5,0,14,0,0,22.5,1429,8250.5,13912.5,17289.5,18953.5,39.5,21.5,1,4,1,1
86,5977,33.5,11740,0,18.5,0,15,0,0,34.5,986,7296.5,12469,16651.5,18466,212.5,33.5,1,2,19,19
8289,10036,36,176163,0,19,0,15,0,0,37,1467,8373,13967,17162,18610.5,167.5,36,1,3,3,3
2186,9219,39.5,74528.5,0,17,0,14.5,0,0,40.5,1526,7800,13888.5,17171.5,18775,230,39.5,1,3,1,1
2186,10036,28.5,171995.5,0,16,0,15,0,0,29.5,1161.5,7253,13061.5,16898.5,18546,68.5,28.5,1,4,3,3
2186,6839,35,163167.5,0,16,0,15,0,0,36,1090.5,7220,13009.5,16908,18626,59.5,35,1,3,17,17
6046,10036,46,195145,0,19.5,0,15,0,0,47,1634.5,8272.5,13241.5,16996.5,18658,143.5,46,1,3,3,3
8019,5977,52.5,103698.5,0,19,0,15,0,0,53.5,1336.5,7841.5,13805,17095.5,18700,203.5,52.5,1,3,10,10
23476,5977,201,3293411.5,0,22.5,0,14.5,0,0,202,2722.5,9006.5,14258.5,17361,19114,1136,201,1,3,12,12
29117,10014,41,418887.5,0,19,0,15,0,0,42,1356,8752,14483,17404,18897,115.5,41,1,3,4,5
10951,5977,39,62352,0,18.5,0,15,0,0,40,1215.5,7470.5,12955.5,16860.5,18580.5,172.5,39,1,2,3,3
23466,9425,19,7349,0,12,0,15,0,0,20,582,5899,11977.5,16416.5,18273.5,57,19,1,3,11,11
23492,9425,14,7394.5,0,11.5,0,15,0,0,15,648,6149.5,12326,16605.5,18407.5,30,14,1,3,11,11
8208,5977,24,41907.5,0,16.5,0,15,0,0,25,1440.5,7636.5,12860.5,16797,18507,109.5,24,1,2,12,12
1108,5977,78,314761,0,19.5,0,14.5,0,0,79,1908,8330,13795,17167,18889,473.5,78,1,2,18,18
1108,9219,96,376052,0,21,0,14,0,0,97,2595,9550.5,15053.5,17602.5,19178,611,96,1,2,1,1
1108,6594,72.5,309524,0,17,0,14.5,0,0,73.5,1766.5,7642.5,13696.5,17123,18810.5,421.5,72.5,1,3,11,11
26038,5977,21,7160.5,0,16.5,0,15,0,0,22,727.5,6010,12058,16397.5,18329,129,21,1,2,73,73
26038,10036,28,165918.5,0,17,0,15,0,0,29,1050,6683.5,12489.5,16560,18389,105,28,1,3,3,3
10919,9219,56,2906501,0,20,0,14.5,0,0,57,1988.5,8880.5,14558,17493,19053.5,277,56,1,3,1,1
57634,8607,59.5,161984.5,0,18.5,0,15,0,0,60.5,1938.5,8987.5,14549,17379,18884,278,59.5,1,4,8,8
57634,10036,35.5,185959.5,0,18,0,15,0,0,36.5,1565.5,8319,13813,17155,18736,143.5,35.5,1,3,3,3
80204,55929,24.5,37012.5,0,13.5,0,15,0,0,25.5,1179,7825.5,14249,17129.5,18591.5,111.5,24.5,1,4,3,3
80204,9219,37,85169,0,15.5,0,14.5,0,0,38,1628,8539,14735,17346,18858.5,221.5,37,1,4,1,1
8841,6839,77,375209,0,20,0,14.5,0,0,78,2096,9021,13954,17284,18942.5,226.5,77,1,3,25,25
8841,10036,70.5,384037,0,20,0,14.5,0,0,71.5,2167,9054,14006,17274.5,18862.5,235.5,70.5,1,4,3,3
8841,5977,63.5,225279,0,19.5,0,14.5,0,0,64.5,1844.5,8380.5,13574.5,17112,18802.5,259.5,63.5,1,2,36,38
10014,55929,41,400314.5,0,18,0,15,0,0,42,1362,8366,14240,17314.5,18822.5,146,41,1,2,3,3
9734,5977,21.5,13165.5,0,14.5,0,15,0,0,22.5,820,6638,12271,16519,18431.5,80,21.5,1,2,22,22
51564,5977,27,25767,0,18.5,0,15,0,0,28,1240.5,7891,12945,16884.5,18636.5,109.5,27,1,2,20,21
9734,9219,39.5,74456.5,0,16,0,14.5,0,0,40.5,1507,7858.5,13529.5,16954.5,18720.5,217.5,39.5,1,3,1,1
51564,9219,45,87058,0,20,0,14.5,0,0,46,1927.5,9111.5,14203.5,17320,18925.5,247,45,1,3,1,1
3068,10036,26.5,168273,0,15.5,0,15,0,0,27.5,1289,7852.5,13500,17041,18561,58.5,26.5,1,4,3,3
3622,9219,39,69778.5,0,17,0,14.5,0,0,40,1447,7705,13593.5,16996.5,18703.5,241.5,39,1,2,1,1
54556,9219,41.5,70141,0,18.5,0,14.5,0,0,42.5,1519,7963,14356.5,17216,18654.5,283.5,41.5,1,3,1,1
3622,6839,34.5,158417.5,0,16,0,15,0,0,35.5,1011.5,7125,12714.5,16733,18554.5,71,34.5,1,3,10,10
54556,6839,37,158780,0,17.5,0,15,0,0,38,1083.5,7383,13477.5,16952.5,18505.5,113,37,1,2,25,25
23028,9219,87,1306809.5,0,21,0,14.5,0,0,88,2499.5,9811.5,15341,17706.5,19230,358,87,1,3,1,1
84678,7014,27.5,41932,0,17,0,14.5,0,0,28.5,1299.5,8067.5,13930.5,17229,18749.5,68,27.5,1,2,3,3
23030,9219,38.5,68945,0,17,0,14.5,0,0,39.5,1506.5,8282.5,14119,17274.5,18824,233,38.5,1,2,1,1
4152,9425,10.5,7547,0,8.5,0,15,0,0,11.5,490.5,5263.5,11756.5,16325,18259,11.5,10.5,1,2,21,21
8930,9219,35,69045,0,14.5,0,14.5,0,0,36,1468.5,8059,13612,17013.5,18751.5,215.5,35,1,2,1,1
8930,9425,9.5,4952.5,0,8.5,0,15,0,0,10.5,647.5,6303.5,12171.5,16526.5,18458.5,11,9.5,1,2,21,21
4297,9219,55.5,112909,0,20.5,0,14.5,0,0,56.5,2270,9316.5,15042,17586,19092,316.5,55.5,1,3,1,1
2956,5977,26.5,25179,0,18,0,14.5,0,0,27.5,1370,7841,12941,16913.5,18693,115,26.5,1,2,73,73
2956,10036,33.5,183937,0,18.5,0,14.5,0,0,34.5,1692.5,8514.5,13372.5,17076,18753,91,33.5,1,3,3,3
55274,6594,14,1662,0,13,0,15,0,0,15,434.5,4820.5,11601.5,16251,18171.5,55.5,14,1,3,11,11
55274,5977,19.5,6899,0,15.5,0,15,0,0,20.5,576,5508,11700,16295,18250,107.5,19.5,1,2,73,73
57649,10036,26,165688.5,0,15.5,0,15,0,0,27,1014,6407,12417,16559.5,18367,78.5,26,1,4,3,3
57649,387893,12.5,2020.5,0,11.5,0,15,0,0,13.5,613,5841,12097.5,16436.5,18303,30.5,12.5,1,4,5,5
26147,8805,24.5,87171,0,15.5,0,15,0,0,25.5,1328.5,7458,13754,17146,18777.5,51.5,24.5,1,2,30,30
11168,9219,37,70400,0,16,0,14.5,0,0,38,1598.5,8213,14281.5,17271,18783,220,37,1,3,1,1
11168,5977,19,9109,0,14.5,0,15,0,0,20,911.5,6992.5,13023,16835.5,18494,82.5,19,1,3,4,4
5928,6603,68,1746016,0,19.5,0,14.5,0,0,69,1620.5,8002.5,13495,16990,18786.5,450.5,68,1,3,8,8
5928,10036,76.5,1907786.5,0,20,0,14.5,0,0,77.5,2049.5,8921,14265.5,17295,18870,424.5,76.5,1,5,3,3
5928,6839,83,1898958.5,0,20,0,14.5,0,0,84,1978.5,8888,14213.5,17304.5,18950,415.5,83,1,3,8,8
5928,5977,69.5,1749028.5,0,19.5,0,14.5,0,0,70.5,1727,8247.5,13834,17132.5,18810,448.5,69.5,1,3,8,8
5931,10036,61.5,285270,0,19.5,0,15,0,0,62.5,1775,8533.5,13912.5,17201.5,18808,319,61.5,1,3,3,3
10856,6839,75.5,411596.5,0,20,0,15,0,0,76.5,2038.5,9020.5,14105.5,17345,18997,282.5,75.5,1,3,25,25
10856,5977,62,261666.5,0,19.5,0,15,0,0,63,1787,8380,13726,17173,18857,315.5,62,1,2,26,26
10856,10036,69,420424.5,0,20,0,15,0,0,70,2109.5,9053.5,14157.5,17335.5,18917,291.5,69,1,3,3,3
80854,9425,15,11926,0,13,0,15,0,0,16,1122,7286,13515.5,17002.5,18646.5,21,15,1,2,21,21
387893,10036,26.5,167528,0,15,0,15,0,0,27.5,1182,7764,13114.5,16904,18538,55,26.5,1,3,3,3
25942,10524,87,276555,0,21,0,14.5,0,0,88,2446.5,9785.5,15261.5,17579.5,18956.5,399.5,87,1,4,6,6
23309,9219,42.5,76356,0,17,0,14.5,0,0,43.5,1771,8745,14896,17458,18893,262.5,42.5,1,3,1,1
23309,10036,31.5,173823,0,16,0,15,0,0,32.5,1406.5,8198,14069,17185,18664,101,31.5,1,3,3,3
6595,5977,40.5,59758.5,0,19,0,15,0,0,41.5,1413.5,7919.5,13729.5,17101.5,18697.5,248.5,40.5,1,2,20,20
6595,10036,47.5,218516.5,0,19.5,0,15,0,0,48.5,1736,8593,14161,17264,18757.5,224.5,47.5,1,4,3,3
8467,8607,64,210243,0,20,0,15,0,0,65,2255,9454.5,15045,17546.5,19010.5,261,64,1,4,8,8
6601,5977,39,37012,0,19,0,15,0,0,40,1283.5,7848,13648.5,17088,18681,249.5,39,1,2,1,1
6601,6839,52.5,186942,0,19.5,0,15,0,0,53.5,1535,8488.5,14028,17260,18821,216.5,52.5,1,3,1,1
6601,10036,46,195770,0,19.5,0,15,0,0,47,1606,8521.5,14080,17250.5,18741,225.5,46,1,4,1,1
6602,6839,49,180834,0,19,0,15,0,0,50,1368.5,8316,13926.5,17211.5,18794,196.5,49,1,3,25,25
6603,6839,38,160597.5,0,18.5,0,15,0,0,39,1083,7378.5,12611.5,16731.5,18598.5,120,38,1,3,21,21
6603,10036,31.5,169425.5,0,18.5,0,15,0,0,32.5,1154,7411.5,12663.5,16722,18518.5,129,31.5,1,4,3,3
6603,5977,24.5,10667.5,0,18,0,15,0,0,25.5,831.5,6738,12232,16559.5,18458.5,153,24.5,1,2,21,21
6605,10036,41,213542,0,19,0,15,0,0,42,1407,8292.5,13972,17233.5,18775,187.5,41,1,3,3,3
7157,5977,297,11891058.5,0,24,0,14.5,0.5,0.5,298,3868,10503.5,14724.5,17499,19056.5,2060.5,297,1,4,1,1
8295,8607,71,197181.5,0,18.5,0,15,0,0,72,2203,9571.5,14984.5,17524.5,18971.5,367.5,71,1,3,8,8
8295,10036,47,221156.5,0,18,0,15,0,0,48,1830,8903,14248.5,17300.5,18823.5,233,47,1,4,3,3
8295,5977,40,62398.5,0,17.5,0,15,0,0,41,1507.5,8229.5,13817,17138,18763.5,257,40,1,2,17,17
55023,10036,26,167555.5,0,15,0,15,0,0,27,1188,7344.5,12862.5,16808.5,18450,58.5,26,1,2,3,3
55023,387893,12.5,3887.5,0,11,0,15,0,0,13.5,787,6778.5,12543,16685.5,18386,10.5,12.5,1,4,6,6
673,5728,81.5,305271,0,20.5,0,15,0,0,82.5,2401,9923.5,14982,17309.5,18735,218.5,81.5,1,3,79,82
1019,5728,82.5,343677.5,0,20,0,15,0,0,83.5,2372.5,9883.5,15027.5,17410.5,18838,196,82.5,1,2,79,82
1029,5728,97,370455.5,0,21,0,15,0,0,98,2780,10278.5,15230.5,17435,18773.5,250.5,97,1,3,17,17
3320,5728,198.5,3324279,0,21,0,15,0,0,199.5,3808.5,11651.5,15809,17740,19103,715,198.5,1,2,8,8
86,65980,29.5,17497,0,17.5,0,15,0,0,30.5,830.5,6850,12087,16506.5,18412.5,172,29.5,1,3,19,19
86,55257,32,7420,0,17.5,0,15,0,0,33,785,6878.5,13006,16778,18426.5,208.5,32,1,3,19,19
86,4171,59.5,429405.5,0,19.5,0,14.5,0,0,60.5,1479,8264.5,12868.5,16930.5,18824.5,251,59.5,1,3,17,17
86,4176,49.5,450184,0,19.5,0,14.5,0,0,50.5,2101.5,8699.5,12837.5,16951.5,18886,235.5,49.5,1,3,3,3
65980,1058,22.5,46699,0,14.5,0,15,0,0,23.5,675,6480,11951.5,16420,18295,56.5,22.5,1,3,63,68
65980,4176,38,457881,0,18,0,14.5,0,0,39,1898,7939.5,12557.5,16857,18848.5,133.5,38,1,3,3,3
65980,4171,48,437102.5,0,18,0,14.5,0,0,49,1275.5,7504.5,12588.5,16836,18787,149,48,1,2,17,17
84733,23168,14,6510,0,12,0,15,0,0,15,657.5,6199.5,12278.5,16598,18392.5,33.5,14,1,4,5,5
84733,1058,23,39755,0,14,0,15,0,0,24,711.5,6384.5,12280,16560.5,18318,47,23,1,3,5,5
1058,11091,75,322804,0,17,0,15,0,0,76,1877.5,8578,13767.5,17034,18612.5,323,75,1,2,63,63
1058,8295,40.5,89660.5,0,15,0,15,0,0,41.5,1400,8173,13579.5,17001,18630,203,40.5,1,2,63,63
1058,23168,18,34959,0,11,0,15,0,0,19,669,6685,12094.5,16465.5,18289.5,29.5,18,1,2,17,17
1108,4176,94,753205,0,20.5,0,14,0,0,95,3023.5,9733,14163.5,17467,19309,496.5,94,1,4,3,3
1108,4171,104,732426.5,0,20.5,0,14,0,0,105,2401,9298,14194.5,17446,19247.5,512,104,1,3,17,17
9646,4297,36.5,62858.5,0,18.5,0,15,0,0,37.5,1795,8606,14023,17284,18902,139,36.5,1,4,2,2
30827,8085,22,41454,0,16,0,14.5,0,0,23,1421.5,8402,14514,17400,18880.5,78,22,1,3,8,8
80314,1912,24.5,12484.5,0,15.5,0,15,0,0,25.5,825,6617.5,12880,16751.5,18377,120,24.5,1,2,6,6
3054,23512,67.5,265328.5,0,19.5,0,15,0,0,68.5,2052,8936,14031,17221,18829.5,235.5,67.5,1,3,15,15
3054,54623,43,135761.5,0,16.5,0,15,0,0,44,1352.5,7912.5,12946,16904,18577,109.5,43,1,2,49,52
3054,23168,34,121505.5,0,13.5,0,15,0,0,35,1168.5,7469.5,12501.5,16678.5,18430,78,34,1,2,17,17
10524,10847,51.5,184911,0,16.5,0,14,0,0,52.5,1948,9035,14737.5,17434,18883.5,209.5,51.5,1,3,12,12
23028,8295,83,1294237,0,19,0,15,0,0,84,2382,9837.5,15328.5,17707,19222.5,326.5,83,1,2,40,41
4297,23168,29,45635,0,14.5,0,15,0,0,30,1421.5,7854.5,13544.5,17051,18744,111.5,29,1,3,17,17
4297,55257,36,47298,0,18,0,15,0,0,37,1382,7678,14320.5,17277,18763.5,175,36,1,2,17,17
4297,54623,38,59891,0,17.5,0,15,0,0,39,1605.5,8297.5,13989,17276.5,18891,143,38,1,2,17,17
4297,4171,63.5,469283.5,0,20,0,14.5,0,0,64.5,2076,9064,14183,17429.5,19161.5,217.5,63.5,1,2,17,17
4297,4176,53.5,490062,0,20,0,14.5,0,0,54.5,2698.5,9499,14152,17450.5,19223,202,53.5,1,3,3,3
4297,8607,68.5,186401,0,20,0,15,0,0,69.5,2278.5,9438,14951,17537,19011,289.5,68.5,1,3,8,8
4176,8295,56,500842.5,0,18.5,0,14.5,0,0,57,2623,9632.5,14185.5,17438,19183.5,280,56,1,2,3,3
4171,8295,66,480064,0,18.5,0,14.5,0,0,67,2000.5,9197.5,14216.5,17417,19122,295.5,66,1,3,13,13
4176,54623,42.5,460397,0,17.5,0,14.5,0,0,43.5,2076,8587.5,13145,17128,18990,138,42.5,1,3,3,3
4171,54623,52.5,439618.5,0,17.5,0,14.5,0,0,53.5,1453.5,8152.5,13176,17107,18928.5,153.5,52.5,1,2,13,13
4176,23168,33.5,446141,0,14.5,0,14.5,0,0,34.5,1892,8144.5,12700.5,16902.5,18843,106.5,33.5,1,4,3,3
4171,23168,43.5,425362.5,0,14.5,0,14.5,0,0,44.5,1269.5,7709.5,12731.5,16881.5,18781.5,122,43.5,1,2,13,13
4176,8607,73,586907,0,20,0,14.5,0,0,74,2749,9728,14107,17388.5,19110,284.5,73,1,4,3,3
4171,8607,83,566128.5,0,20,0,14.5,0,0,84,2126.5,9293,14138,17367.5,19048.5,300,83,1,4,8,8
9968,51586,38.5,136116,0,27,0,15,0,0,39.5,830.5,6627.5,12568,16880.5,18830.5,456,38.5,1,3,30,31
9968,9282,42.5,140912,0,27,0,15,0,0,43.5,1100.5,7383,13759.5,17224.5,18810.5,487,42.5,1,3,30,31
9282,112950,35.5,16590.5,0,27,0,15,0,0,36.5,751.5,6334.5,12776.5,16569,18423,422.5,35.5,1,2,31,31
9282,9443,37.5,91209,0,27,0,15,0,0,38.5,706.5,6445,12858.5,16675.5,18673.5,459.5,37.5,1,2,59,59
51586,9443,33.5,86413,0,27,0,15,0,0,34.5,436.5,5689.5,11667,16331.5,18693.5,428.5,33.5,1,3,4,4
29079,9443,52.5,365779.5,0,27,0,15,0,0,53.5,719.5,6495,11990.5,16451,18685.5,539,52.5,1,3,7,7
9443,112950,32,77232.5,0,27,0,15,0,0,33,307,5167.5,11383,15967.5,18364.5,425,32,1,3,31,31
54623,23168,18,15970,0,12,0,15,0,0,19,799,6943,12537.5,16728.5,18511,47.5,18,1,3,7,7
54623,8607,57.5,156736,0,17.5,0,15,0,0,58.5,1656,8526.5,13944,17214.5,18778,225.5,57.5,1,5,7,7
54623,8295,40.5,70671.5,0,16,0,15,0,0,41.5,1530,8431,14022.5,17264,18851.5,221,40.5,1,3,7,7
1912,10847,19,14697.5,0,13.5,0,14.5,0,0,20,1040,7181,13079,16916.5,18611.5,62,19,1,3,12,12
5931,8819,56.5,122396.5,0,17,0,15,0,0,57.5,1354.5,7538,13200,16836.5,18624.5,340.5,56.5,1,2,39,39
23168,8607,48.5,142480,0,14.5,0,15,0,0,49.5,1472,8083.5,13499.5,16989,18631,194,48.5,1,3,8,8
4869,1788,94,391884.5,0,24,0,14.5,0,0,95,2538,9401.5,14570,17425.5,19002,576.5,94,1,5,3,3
1029,1956,221,3521097,0,21,0,15,0,0,222,4006.5,10843.5,15566.5,17805,19094.5,900,221,0,3,17,17
26260,3660,10,20445,0,8,0,14.5,0,0,11,594.5,6450.5,12080.5,16438,18462.5,6.5,10,0,3,10,10
4301,4089,49,175352,0,17,0,15,0,0,50,1658,8586,13397,16884,18634,101,49,0,3,5,5
5520,3660,20.5,32023.5,0,11.5,0,14.5,0,0,21.5,797,7056.5,12236.5,16564,18460,31,20.5,0,3,8,8
5520,5144,19.5,19016,0,11.5,0,15,0,0,20.5,676,7114,12142,16346,18310,28,19.5,0,3,8,8
55083,55731,1.5,36,0,1.5,0.5,16.5,0,0,2.5,57,1435.5,7786,13128,16388.5,0,1.5,0,3,17,17
55095,84181,3,0,0,3,0.5,15,0,0,4,423,5453.5,12001.5,16250,18135.5,5,3,0,4,4,4
558,4763,10,7864.5,0,8.5,0,16,0,0,11,1129.5,7676.5,13033.5,16569.5,18280.5,7,10,0,3,19,19
2322,4763,8.5,4762.5,0,7,0,16,0,0,9.5,662.5,5600.5,11746.5,16053.5,17991.5,5,8.5,0,4,1,1
4478,2033,184,10981815,0,14.5,0,14.5,0,0,185,2534.5,8172.5,13743,16986,18920.5,1034,184,0,3,17,17
4478,9846,13.5,6346,0,10.5,0,15.5,0,0,14.5,612,6234.5,11817,16044.5,18182.5,14.5,13.5,0,4,1,1
4763,11040,6.5,4405.5,0,5,0,16,0,0,7.5,553.5,4632.5,10668,15336.5,17806,3.5,6.5,0,4,2,2
5780,9640,4.5,692.5,0,4.5,0,15.5,0,0,5.5,730.5,5909,11828.5,16202,18156.5,4.5,4.5,0,3,18,18
200734,4763,8,5951.5,0,6.5,0,16,0,0,9,868,6868,12266,16300,18205,5,8,0,3,19,19
7020,11040,13,55078,0,9,0,15,0,0,14,874,5341,11853,15953,18277.5,22.5,13,0,4,1,1
7161,9640,29.5,58190,0,12.5,0,14.5,0,0,30.5,1621.5,7800,13393.5,17020,18711.5,79,29.5,0,3,4,5
7490,2033,183,11043190.5,0,14.5,0,14,0,0,184,2759,9479,15281.5,17628.5,19132.5,1031,183,0,3,6,6
7490,5780,7.5,64744,0,6,0,15.5,0,0,8.5,802.5,6899,13188.5,16513,18153.5,1.5,7.5,0,3,6,6
9640,56829,24,27887.5,0,12.5,0,15,0,0,25,1472,7078.5,12173,16429.5,18347.5,64.5,24,0,3,27,27
9640,4763,8,4405,0,6.5,0,15.5,0,0,9,878.5,6546,12014.5,16343.5,18311,8,8,0,3,19,19
4214,78994,18.5,38133,0,11.5,0,15.5,0,0,19.5,890.5,6892,13026,16570.5,18204,27,18.5,0,2,33,33
4214,7534,85,571388,0,18.5,0,14.5,0,0,86,2589.5,9962,15144,17502.5,18946.5,318,85,0,3,3,3
5290,4664,11.5,17565.5,0,8.5,0.5,15,0,0,12.5,839,4970,10847.5,15819,18001,31,11.5,0,3,3,3
558,10801,13.5,12077.5,0,9.5,0,15.5,0,0,14.5,1058.5,7668.5,12954.5,16552.5,18282.5,16.5,13.5,0,4,10,10
558,55023,10.5,5423,0,10,0,15.5,0,0,11.5,994.5,7125.5,13008.5,16690,18299,10.5,10.5,0,3,2,2
896,11183,13,10677,0,8.5,0,15.5,0,0,14,434,5425.5,11387.5,15691.5,17976.5,14.5,13,0,3,8,8
2033,5902,179.5,10979139,0,12.5,0,14,0,0,180.5,2422,7895,13964.5,17169,18956,1032,179.5,0,4,3,3
2033,5770,209,11048344,0,20,0,14,0,0,210,3737.5,10298.5,14539,17512,19175,1188.5,209,0,4,3,3
2322,5426,8,6560.5,0,6,0,15.5,0,0,9,468,5224.5,11556,16035.5,17890,5,8,0,4,1,1
9846,7317,29.5,73154,0,15,0,15,0,0,30.5,1396,8217,13303,16870,18517,27.5,29.5,0,3,3,3
10912,10155,93.5,1424923,0,15,0,15,0,0,94.5,2193,8563.5,13814.5,16949,18573,336,93.5,0,2,25,27
2626,6654,17,11140,0,11,0,15,0,0,18,734,6894.5,12118.5,16340,18432.5,17,17,0,3,16,17
9734,11183,11.5,6817.5,0,7.5,0,15.5,0,0,12.5,479,5133,11221.5,15510.5,17936.5,5.5,11.5,0,3,8,8
51564,11183,17,19419,0,11.5,0,15.5,0,0,18,899.5,6386,11895.5,15876,18141.5,35,17,0,3,8,8
3148,10155,94.5,1436372.5,0,15,0,15,0,0,95.5,2162.5,8383.5,13828.5,17099.5,18658,336,94.5,0,3,14,14
3725,79811,50,244266,0,12.5,0,15,0,0,51,1545,6741,12631,16545,18420,146,50,0,3,4,4
4478,11183,9.5,3174,0,6,0,16,0,0,10.5,322.5,4485.5,10901.5,15180,17711.5,5.5,9.5,0,3,8,8
4478,11176,9.5,3136,0,6.5,0,15.5,0,0,10.5,488.5,5079,11390.5,15881,18052.5,6.5,9.5,0,3,17,17
4478,6654,16.5,8150,0,11,0,16,0,0,17.5,619.5,6066,11745,15927.5,18125,19,16.5,0,3,20,20
4609,11183,244,2709594,0,15.5,0,15,0,0,245,2831,7765.5,13268.5,16314.5,18451.5,1360,244,0,3,8,8
4763,10801,14.5,13011,0,9,0,15.5,0,0,15.5,992,7453,12262,16332,18263,16.5,14.5,0,4,3,3
4763,468,18.5,58253.5,0,11,0,15,0,0,19.5,1059,7282.5,12433,16596.5,18549.5,20.5,18.5,0,3,3,3
4763,27166,6,4399,0,4.5,0.5,16.5,0,0,7,534.5,3858.5,8561,14460,17309,3.5,6,0,3,3,3
4763,79811,7.5,4999,0,6,0,16,0,0,8.5,673.5,5445.5,11267,15880.5,17965.5,4,7.5,0,4,3,3
64324,5902,6.5,7358,0,5.5,0,15,0,0,7.5,581,5802,12653.5,16553,18364,5,6.5,0,3,13,13
11040,10155,88.5,1421002,0,11.5,0,15.5,0,0,89.5,1986,6297,12366,16054.5,18261.5,335,88.5,0,3,25,27
5780,55023,8,2644,0,7.5,0,15.5,0,0,9,780,6273,12130,16328,18125,7,8,0,3,2,2
5978,53981,18,57254,0,14,0,15,0,0,19,1451.5,7648.5,12367,16505.5,18428,30.5,18,0,3,30,30
200734,4216,7.5,3326.5,0,6.5,0,16,0,0,8.5,483,5669.5,11753,15952.5,18085.5,2.5,7.5,0,2,30,31
200734,81559,8.5,21321,0,7,0,15.5,0,0,9.5,521.5,5626,12622,16534,18273.5,2.5,8.5,0,2,30,31
7020,79811,14,55671.5,0,10,0,15,0,0,15,994,6154,12452,16497,18437,23,14,0,4,1,1
7020,4216,17,56845.5,0,12,0,15,0,0,18,998.5,6971,13013,16618,18613,23.5,17,0,4,1,1
7020,9497,18.5,86462.5,0,13.5,0,15,0,0,19.5,1799,8172,13389.5,16803,18646.5,27,18.5,0,3,1,1
7020,11183,15,55563.5,0,10,0,15,0,0,16,980,6425.5,12591.5,16133.5,18348,23.5,15,0,4,1,1
7490,867,63.5,518754,0,14,0,15,0,0,64.5,1655,8757,14641.5,17233,18691,230,63.5,0,3,6,6
7490,5770,37,133268.5,0,13.5,0,15,0,0,38,1816.5,8430.5,13665.5,16843.5,18397.5,160.5,37,0,4,6,6
7490,598,29.5,148460.5,0,12.5,0,15,0,0,30.5,1164,8423.5,14588.5,17071.5,18473.5,30.5,29.5,0,4,6,6
56829,11183,24.5,28373.5,0,12,0,15.5,0,0,25.5,1253,6249.5,11565,15603,17913,61,24.5,0,3,8,8
9640,6654,12.5,5474,0,9.5,0,15.5,0,0,13.5,772,6382.5,11923.5,16259,18340,19,12.5,0,3,20,20
9640,11183,5.5,498,0,4.5,0,15.5,0,0,6.5,475,4802,11080,15511.5,17926.5,5.5,5.5,0,3,8,8
51412,5977,14,6844.5,0,10,0,15,0,0,15,528.5,4784,11047.5,15955,18165.5,75.5,14,0,3,10,10
79913,5977,21,7158.5,0,15.5,0,15,0,0,22,744,6346,12110.5,16510,18336,121,21,0,2,20,20
84159,5977,14,6848,0,10,0,15,0,0,15,635.5,5527.5,11811.5,16361,18287.5,75.5,14,0,2,10,10
84159,8535,20.5,45472.5,0,9.5,0,15,0,0,21.5,731.5,5686.5,11701.5,16329,18349,62,20.5,0,3,10,10
55814,10036,20.5,165598,0,10,0.5,16,0,0,21.5,793.5,4169,6745,9228.5,13424,51.5,20.5,0,3,3,3
26469,10036,23,166305,0,12,0,15.5,0,0,24,1007.5,7150,12604.5,16492.5,18364,52,23,0,4,3,3
55814,5977,13.5,6840,0,9.5,0.5,16,0,0,14.5,471,3495.5,6313.5,9066,13364,75.5,13.5,0,2,73,73
26469,5977,16,7547,0,11.5,0,15.5,0,0,17,685,6476.5,12173,16330,18304,76,16,0,2,7,7
55814,9219,31.5,68131,0,11,0.5,15.5,0,0,32.5,1158,4716,7572,9501.5,13653,213,31.5,0,3,1,1
26469,9219,34,68838,0,13,0,15,0,0,35,1372,7697,13431.5,16765.5,18593,213.5,34,0,4,1,1
55814,6839,27,156770,0,10,0.5,16,0,0,28,722.5,4136,6693,9238,13504,42.5,27,0,2,25,25
26469,6839,29.5,157477,0,12,0,15.5,0,0,30.5,936.5,7117,12552.5,16502,18444,43,29.5,0,2,7,7
27154,5977,19,8123,0,14,0,15,0,0,20,594,5720,11848,16224.5,18194.5,85.5,19,0,2,14,14
27154,6839,32.5,158053,0,14.5,0,15,0,0,33.5,845.5,6360.5,12227.5,16396.5,18334.5,52.5,32.5,0,3,14,14
27154,10036,26,166881,0,14.5,0,15,0,0,27,916.5,6393.5,12279.5,16387,18254.5,61.5,26,0,4,3,3
54014,6603,13.5,3830,0,11,0,15,0,0,14.5,497,5431,11503,16169.5,18210,80,13.5,0,3,16,16
988,6839,83.5,311225.5,0,20,0,15,0,0,84.5,1866.5,8721.5,13573.5,17153.5,18768,319,83.5,0,3,6,6
988,5977,70,161295.5,0,19.5,0,15,0,0,71,1615,8081,13194,16981.5,18628,352,70,0,2,6,6
988,10036,77,320053.5,0,20,0,15,0,0,78,1937.5,8754.5,13625.5,17144,18688,328,77,0,4,3,3
27443,9219,31.5,68131,0,11,0.5,15,0,0,32.5,1176.5,5802.5,12165,16378.5,18339,213,31.5,0,3,1,1
27443,8805,17,79590,0,10,0.5,15.5,0,0,18,1005,5701.5,12129,16374,18319,25,17,0,2,10,10
1105,9219,34,68686.5,0,13.5,0,14.5,0,0,35,1489.5,7567.5,13617,17093,18716,216,34,0,3,1,1
84181,5977,13.5,6840,0,9.5,0.5,15,0,0,14.5,697.5,6057.5,12546,16687.5,18377.5,75.5,13.5,0,3,8,8
7485,5977,13.5,6840,0,9.5,0.5,16,0,0,14.5,477.5,4508,10274.5,14507,17356.5,75.5,13.5,0,2,25,27
8997,5977,14,6867,0,10,0,15.5,0,0,15,511,4921,11294,15931.5,18026.5,75.5,14,0,2,73,73
84181,10036,20.5,165598,0,10,0.5,15,0,0,21.5,1020,6731,12977.5,16850,18437.5,51.5,20.5,0,4,3,3
7485,10036,20.5,165598,0,10,0.5,16,0,0,21.5,800,5181.5,10706,14669.5,17416.5,51.5,20.5,0,4,3,3
8997,10036,21,165625,0,10.5,0,15.5,0,0,22,833.5,5594.5,11725.5,16094,18086.5,51.5,21,0,3,3,3
84181,55929,19,19974.5,0,9,0.5,15,0,0,20,935.5,6564.5,13318.5,16906.5,18399.5,103,19,0,4,3,3
84181,6594,8,1603,0,7,0.5,15,0,0,9,556,5370,12447.5,16643.5,18299,23.5,8,0,3,8,8
80205,29072,5,13039.5,0,4.5,0,15,0,0,6,991,6369,12009,16428,18277.5,0,5,0,3,16,16
64215,6839,40,193774,0,18,0,15,0,0,41,1684.5,8181.5,13612.5,17020.5,18521,102.5,40,0,3,2,2
64215,10036,33.5,202602,0,18,0,15,0,0,34.5,1755.5,8214.5,13664.5,17011,18441,111.5,33.5,0,4,2,2
2146,29072,63.5,344633.5,0,14,0,15,0,0,64.5,2272,8897.5,13970.5,17282,18952,321,63.5,0,3,2,2
84289,5977,21,24898.5,0,14,0,15,0,0,22,866,7175,13373.5,16823.5,18456,88.5,21,0,3,6,6
57117,9219,33,68790,0,12.5,0,15,0,0,34,1241.5,6686,13062,16619,18395.5,214.5,33,0,3,1,1
57117,387893,8.5,2589,0,7.5,0,15.5,0,0,9.5,476,5573,11915.5,16223,18102.5,5,8.5,0,3,8,8
79831,9219,33,70960.5,0,12,0,14.5,0,0,34,1190.5,6339.5,12668,16341.5,18371,213,33,0,3,1,1
2648,5977,42.5,216390.5,0,18.5,0,15,0,0,43.5,1479.5,8288,13931,17172,18801,202.5,42.5,0,3,19,19
51780,9425,6,4038.5,0,5,0.5,16,0,0,7,354,3313.5,9799,14539.5,17429,8.5,6,0,2,21,21
51780,10036,20.5,165598,0,10,0.5,16,0,0,21.5,810.5,4522,10412.5,14753.5,17493,51.5,20.5,0,3,3,3
9682,10036,21.5,167483,0,11,0,15,0,0,22.5,1000.5,6529,12588.5,16726,18403,51.5,21.5,0,3,3,3
9682,5977,14.5,8725,0,10.5,0,15,0,0,15.5,678,5855.5,12157,16563.5,18343,75.5,14.5,0,2,35,36
9682,6603,13,5712.5,0,10.5,0,15,0,0,14,571.5,5610.5,11818,16421,18319.5,77.5,13,0,2,17,17
9682,6839,28,158655,0,11,0,15,0,0,29,929.5,6496,12536.5,16735.5,18483,42.5,28,0,2,25,25
9682,9425,7,5923.5,0,6,0,15,0,0,8,544,5320.5,11975,16512,18339,8.5,7,0,3,21,21
23030,29072,11.5,13834.5,0,10,0,15,0,0,12.5,1147,7594.5,13004,16896,18554.5,20,11.5,0,2,38,38
23081,9425,7.5,4694,0,6.5,0,15,0,0,8.5,700,6740.5,13230.5,16779,18445,9,7.5,0,3,9,9
10765,387893,11.5,6737.5,0,8.5,0,15,0,0,12.5,647,6130.5,12196,16538.5,18441,6,11.5,0,3,8,8
8284,9219,32,68132,0,11.5,0,14.5,0,0,33,1203.5,5779.5,12156,16236,18272,213,32,0,4,1,1
23135,10036,21.5,177474.5,0,10.5,0,15.5,0,0,22.5,879,6531.5,12163,16170.5,18186,51.5,21.5,0,4,3,3
1800,9425,6,4038.5,0,5,0.5,16,0,0,7,341,3126.5,8717,13863.5,17002.5,8.5,6,0,3,5,5
4255,29072,7.5,13559.5,0,7,0,15,0,0,8.5,1333,7945,13454,17018,18582,4.5,7.5,0,3,11,11
166968,9425,7,4046.5,0,6,0,15,0,0,8,519.5,5093,11669.5,16316.5,18294.5,9.5,7,0,2,21,21
58508,29072,11,14036.5,0,9,0,15,0,0,12,1058.5,6621,12241.5,16589,18409.5,18,11,0,3,9,9
4302,10036,24,165967.5,0,13,0,15.5,0,0,25,837,5312,11621,16134.5,18060,55,24,0,4,3,3
54737,9219,33,68190.5,0,12.5,0,14.5,0,0,34,1292,6982,13095.5,16744,18464.5,214,33,0,4,1,1
54737,7014,19,30770.5,0,11,0,14.5,0,0,20,792,6329,12537.5,16577.5,18270,41,19,0,3,3,3
10943,10036,23,166192,0,12.5,0,15,0,0,24,1012.5,6463,12534,16689,18347,56,23,0,3,3,3
10943,6603,14.5,4421.5,0,12,0,15,0,0,15.5,583.5,5544.5,11763.5,16384,18263.5,82,14.5,0,4,4,4
10943,8535,22.5,46058.5,0,11.5,0,15,0,0,23.5,786,5948.5,11992.5,16494.5,18348.5,66.5,22.5,0,4,4,4
23338,10036,22.5,165603,0,12,0,15.5,0,0,23.5,824,5225.5,11404,16047,18044.5,55,22.5,0,4,3,3
79960,8607,49,155271,0,15,0,15,0,0,50,1602.5,8403,13882,17234.5,18900.5,191.5,49,0,3,8,8
79960,6839,31.5,170418,0,14.5,0,15,0,0,32.5,1158.5,7701.5,13094,17020,18832.5,48,31.5,0,3,25,25
51230,10036,24,166619,0,13,0,15,0,0,25,1063.5,6764,12677,16720,18353.5,60.5,24,0,4,3,3
23469,8535,20,45464.5,0,9,0.5,15.5,0,0,21,584,4252.5,10188.5,14783,17729.5,62,20,0,3,23,24
84844,10036,29,169771,0,16,0,15,0,0,30,940,6404.5,12199,16434,18308,85,29,0,5,3,3
84844,387893,15.5,6103,0,12,0,15,0,0,16.5,539,5838.5,11879.5,16311,18244,37,15.5,0,5,3,3
84844,5977,22,11013,0,15.5,0,15,0,0,23,617.5,5731,11767.5,16271.5,18248,109,22,0,3,3,3
84844,6839,35.5,160943,0,16,0,15,0,0,36.5,869,6371.5,12147,16443.5,18388,76,35.5,0,3,3,3
23133,29072,11.5,20880,0,10,0,15,0,0,12.5,1320.5,7788,13131,16885,18524.5,6.5,11.5,0,2,38,38
639,5977,18.5,30895,0,13.5,0,15,0,0,19.5,781,6648,12290.5,16584,18490.5,79.5,18.5,0,2,6,6
3275,6839,28.5,158371,0,11.5,0,15,0,0,29.5,1019.5,7027.5,13036,16912,18581.5,42.5,28.5,0,3,21,21
3275,6603,13.5,5428.5,0,11,0,15,0,0,14.5,661.5,6142,12317.5,16597.5,18418,77.5,13.5,0,3,17,17
55170,29072,18.5,112570.5,0,8,0,15,0,0,19.5,949,6819,12250,16462.5,18490,0,18.5,0,3,6,6
54496,10036,22,165698,0,11.5,0,15.5,0,0,23,811,5772.5,11649.5,16048.5,18109,53,22,0,4,3,3
54496,6839,28.5,156870,0,11.5,0,15.5,0,0,29.5,740,5739.5,11597.5,16058,18189,44,28.5,0,3,6,6
90780,5977,18.5,18590,0,13.5,0,15,0,0,19.5,769,6483,12370,16648,18439.5,81,18.5,0,2,16,16
473,5977,16,11118,0,12,0,15,0,0,17,704.5,5902.5,11993.5,16486.5,18448.5,78.5,16,0,3,64,66
23067,6603,15.5,3837.5,0,13,0,15,0,0,16.5,454,5033,11247,16029,18149.5,87.5,15.5,0,3,17,17
84193,9219,31.5,68131,0,11,0.5,14.5,0,0,32.5,1173,5376.5,11645,15832.5,18196,213,31.5,0,3,1,1
83852,10014,23.5,392171.5,0,10,0,15,0,0,24.5,677.5,5153.5,11422,15308.5,18092,43,23.5,0,4,4,5
6419,9219,32.5,68223,0,12,0,14.5,0,0,33.5,1208,6598,12706.5,16441,18416,213.5,32.5,0,4,1,1
6419,6603,13,3919.5,0,10.5,0,15,0,0,14,414.5,5132.5,11109,15863,18103.5,78,13,0,3,17,17
6419,6594,9,1695,0,8,0,15,0,0,10,379.5,4690,11349.5,15961.5,18048.5,24,9,0,4,11,11
6419,10036,21.5,165690,0,11,0,15,0,0,22.5,843.5,6051,11879.5,16168,18187,52,21.5,0,4,3,3
6419,6839,28,156862,0,11,0,15,0,0,29,772.5,6018,11827.5,16177.5,18267,43,28,0,3,18,18
50485,10036,21.5,165598,0,11,0,15.5,0,0,22.5,845.5,5452.5,11678,16048.5,18089,53,21.5,0,3,3,3
50485,5977,14.5,6840,0,10.5,0,15.5,0,0,15.5,523,4779,11246.5,15886,18029,77,14.5,0,2,73,73
50485,8607,45.5,141623,0,11.5,0,15.5,0,0,46.5,1218.5,6121,12414,16272.5,18237,187.5,45.5,0,3,8,8
56950,6839,30.5,160398.5,0,13.5,0,15,0,0,31.5,1205,8233,13909,17164.5,18705.5,45,30.5,0,2,20,20
56950,10036,24,169226.5,0,13.5,0,15,0,0,25,1276,8266,13961,17155,18625.5,54,24,0,4,3,3
56950,8535,23.5,49093,0,12.5,0,15,0,0,24.5,1049.5,7751.5,13419.5,16960.5,18627,64.5,23.5,0,3,20,20
11262,5977,13.5,6840,0,9.5,0.5,15.5,0,0,14.5,499.5,4383.5,10782.5,15548,17912.5,75.5,13.5,0,2,73,73
11262,10036,20.5,165598,0,10,0.5,15.5,0,0,21.5,822,5057,11214,15710.5,17972.5,51.5,20.5,0,4,3,3
11262,6839,27,156770,0,10,0.5,15.5,0,0,28,751,5024,11162,15720,18052.5,42.5,27,0,3,25,25
79723,9425,12,14627,0,8.5,0,15,0,0,13,522,5570,11740,16248.5,18305,9.5,12,0,4,4,4
6871,10036,32,241145,0,17.5,0,15,0,0,33,1285.5,8683.5,14228,17185,18611,87.5,32,0,4,3,3
6941,9219,32.5,68155.5,0,12,0,14.5,0,0,33.5,1211.5,6437.5,12833,16638.5,18377,213.5,32.5,0,3,1,1
6941,6594,9,1627.5,0,8,0,15,0,0,10,383,4529.5,11476,16159,18009.5,24,9,0,3,11,11
6941,5977,14.5,6864.5,0,10.5,0,15,0,0,15.5,524.5,5217,11574.5,16203,18088,76,14.5,0,2,52,52
6942,5977,16,9159,0,12,0,15,0,0,17,783.5,6627.5,13242,16929.5,18546,76.5,16,0,2,49,49
7158,29072,33.5,331758.5,0,13.5,0,14.5,0,0,34.5,2055,9005.5,14034,17232.5,18799,92.5,33.5,0,3,5,5
23270,387893,8,2115,0,7,0,15.5,0,0,9,439,4171.5,10589.5,14703,17527,3.5,8,0,3,7,7
10190,8607,48,143564,0,13,0,15.5,0,0,49,1267,7214,13113,16651,18456.5,188,48,0,4,3,3
55717,10036,22,165977,0,11.5,0,15.5,0,0,23,1110,6566,12202,16084,18132.5,51.5,22,0,4,3,3
55717,387893,8.5,2309,0,7.5,0,15.5,0,0,9.5,709,6000,11882.5,15961,18068.5,3.5,8.5,0,3,8,8
100,5728,62.5,271935,0,11.5,0,15.5,0,0,63.5,1514.5,6240,12555,16221.5,18123.5,149.5,62.5,0,2,15,15
7403,5728,69.5,279558,0,16.5,0,15,0,0,70.5,1685,7843,13397.5,16815.5,18495,174,69.5,0,4,3,3
3815,7157,298.5,11936043.5,0,23,0,14.5,0.5,0.5,299.5,3756,10507,14473,17198.5,18908.5,2015,298.5,0,4,3,3
3815,6608,15.5,52007,0,9,0,15,0,0,16.5,428.5,4973,11344.5,15809.5,18002,30,15.5,0,3,10,10
4233,5728,74.5,304144.5,0,18.5,0,15.5,0,0,75.5,2422.5,9540,14660,17146,18591.5,176.5,74.5,0,2,73,73
8731,5728,63,283766.5,0,11.5,0,15.5,0,0,64,1476.5,6153,12220,16212,18116.5,149.5,63,0,3,11,11
4763,5728,67,276334,0,14.5,0,15.5,0,0,68,1975.5,8960,13781,16855.5,18527,152.5,67,0,3,3,3
86,51586,37,15387.5,0,23,0,15,0,0,38,822.5,6855.5,12118,16595,18611,334.5,37,0,2,19,19
86,112950,35.5,6207,0,23,0,15,0,0,36.5,693,6333.5,11834,16231,18282,331,35.5,0,3,19,19
86,25929,32,17553,0,16,0,15,0,0,33,777,6718,12011,16287.5,18268.5,178.5,32,0,2,11,11
86,9984,30.5,22387.5,0,14,0,15,0,0,31.5,731,6977,12180,16487,18337,153,30.5,0,3,5,5
86,5828,21,4900,0,10,0.5,16,0,0,22,533.5,3945,8867,13969,17043,137,21,0,2,19,19
86,4849,29.5,9636,0,14.5,0,15.5,0,0,30.5,643,5652.5,11923,16211.5,18074,167,29.5,0,2,19,19
86,55140,23,5156.5,0,11.5,0,15.5,0,0,24,543,4538,10614.5,15368,17818,139,23,0,2,19,19
86,9282,41,20183.5,0,23,0,15,0,0,42,1092.5,7611,13309.5,16939,18591,365.5,41,0,3,19,19
86,55756,23,4903.5,0,11.5,0,15.5,0,0,24,595.5,5649.5,11576.5,16022,18033.5,141,23,0,4,3,3
86,9443,37.5,80825.5,0,23,0,15,0,0,38.5,648,6444,11916,16337.5,18532.5,368,37.5,0,3,19,19
93973,10847,14,5791.5,0,12.5,0,14.5,0,0,15,875.5,6731.5,12853,16760.5,18455,60,14,0,3,12,12
93973,3054,37,120949,0,15.5,0,15,0,0,38,1128,7062.5,12274,16581.5,18341,113,37,0,3,17,17
93973,5931,49,119972.5,0,16.5,0,15,0,0,50,1250.5,7211.5,13014.5,16842.5,18600,310.5,49,0,3,17,17
93973,4221,27,41798.5,0,16.5,0,15,0,0,28,1245.5,7361,13043.5,16884.5,18638.5,91.5,27,0,3,2,2
93973,8726,34,71798,0,16.5,0,15,0,0,35,923,6861.5,12450,16651.5,18433.5,144,34,0,3,17,17
93973,8932,23,11623.5,0,16,0,15,0,0,24,794,6491,12544,16669,18413.5,128,23,0,2,17,17
65980,9282,29.5,27880.5,0,21.5,0,15,0,0,30.5,889,6851,13029.5,16844.5,18553.5,263.5,29.5,0,2,63,68
65980,112950,24,13904,0,21.5,0,15,0,0,25,489.5,5573.5,11554,16136.5,18244.5,229,24,0,2,31,31
65980,25929,20.5,25250,0,14.5,0,15,0,0,21.5,573.5,5958,11731,16193,18231,76.5,20.5,0,3,11,11
65980,23019,26,64905,0,14.5,0,15,0,0,27,772.5,6549.5,12387,16533.5,18353,89,26,0,2,53,53
57332,283899,20.5,3404.5,0,14.5,0,15,0,0,21.5,538,5754.5,11750.5,16276,18202.5,102,20.5,0,3,28,29
1058,57187,20,36351,0,11,0,15,0,0,21,630.5,6519.5,11857.5,16183,18140.5,36.5,20,0,2,28,28
1058,84661,23.5,37303.5,0,13.5,0,15,0,0,24.5,758.5,6525,11967.5,16409,18227.5,56,23.5,0,2,63,63
1058,51586,30,44589.5,0,20,0,15,0,0,31,667,6485.5,11982.5,16508.5,18493.5,219,30,0,2,59,59
1058,55140,16,34358.5,0,8.5,0,15.5,0,0,17,387.5,4168,10479,15281.5,17700.5,23.5,16,0,2,35,36
1108,30827,76,326864,0,18.5,0,14,0,0,77,2145,9034,14787,17464.5,18988,440,76,0,2,18,18
1108,25929,76.5,320574,0,17,0,14.5,0,0,77.5,1699,7751.5,13337,16803,18691.5,439.5,76.5,0,3,11,11
1108,51586,81.5,318408.5,0,24,0,14.5,0,0,82.5,1744.5,7889,13444,17110.5,19034,595.5,81.5,0,2,18,18
1108,9984,75,325408.5,0,15,0,14.5,0,0,76,1653,8010.5,13506,17002.5,18760,414,75,0,3,5,5
1108,55756,67.5,307924.5,0,12.5,0,15,0,0,68.5,1517.5,6683,12902.5,16537.5,18456.5,402,67.5,0,4,3,3
4849,8295,36,60294.5,0,13.5,0,15.5,0,0,37,1164.5,6585.5,13271,16698,18371.5,211.5,36,0,3,3,3
4849,54623,22.5,19849,0,12.5,0,15.5,0,0,23.5,617.5,5540.5,12230.5,16388,18178,69.5,22.5,0,3,3,3
4849,5828,9.5,4736,0,5.5,0.5,16.5,0,0,10.5,142.5,1987.5,8423,13579.5,16667,30,9.5,0,3,3,3
4849,4171,48,429241.5,0,15,0,15,0,0,49,1088,6307,12424.5,16541,18448.5,144,48,0,3,3,3
4849,55756,11.5,4739.5,0,7,0,16,0,0,12.5,204.5,3692,11132.5,15632.5,17657.5,34,11.5,0,4,3,3
4849,9282,29.5,20019.5,0,18.5,0,15.5,0,0,30.5,701.5,5653.5,12865.5,16549.5,18215,258.5,29.5,0,3,3,3
4849,57187,15.5,6985,0,9.5,0,15.5,0,0,16.5,395,4932,11549,15880,17882,45,15.5,0,3,3,3
4849,51586,25.5,15223.5,0,18.5,0,15.5,0,0,26.5,431.5,4898,11674,16205.5,18235,227.5,25.5,0,3,3,3
4849,4176,38,450020,0,15,0,15,0,0,39,1710.5,6742,12393.5,16562,18510,128.5,38,0,4,3,3
4849,9443,26,80661.5,0,18.5,0,15.5,0,0,27,257,4486.5,11472,15948,18156.5,261,26,0,2,3,3
4849,55140,11.5,4992.5,0,7,0,16,0,0,12.5,152,2580.5,10170.5,14978.5,17442,32,11.5,0,4,3,3
4849,23168,13.5,5593,0,9.5,0,15.5,0,0,14.5,433.5,5097.5,11786,16162.5,18031,38,13.5,0,3,3,3
30827,90326,12,18943,0,9,0,15,0,0,13,753.5,5318,11881,15854.5,18014.5,42.5,12,0,2,74,79
30827,112950,26,20250,0,21.5,0,14.5,0,0,27,882,6724,12928,16579,18397,236,26,0,2,31,31
30827,54891,17,18943,0,14,0,14.5,0,0,18,831,6542,12900,16635,18369,75,17,0,2,27,27
84661,84759,22.5,12081,0,14.5,0,15,0,0,23.5,735.5,6420,11946.5,16387,18296,81,22.5,0,3,3,3
8726,25929,38,84150.5,0,16.5,0,15,0,0,39,916,6931.5,12458.5,16484,18384,142.5,38,0,3,11,11
55140,8295,29.5,55815,0,10.5,0,15.5,0,0,30.5,1064.5,5471,11962.5,15854.5,18115.5,183.5,29.5,0,2,22,22
55140,51586,19,10744,0,15.5,0,15.5,0,0,20,331.5,3783.5,10365.5,15362,17979,199.5,19,0,2,22,22
55140,25929,14,12909.5,0,8.5,0,15.5,0,0,15,286,3646,10258.5,15054.5,17636.5,43.5,14,0,3,11,11
55140,4171,41.5,424762,0,12,0,15,0,0,42.5,988,5192.5,11116,15697.5,18192.5,116,41.5,0,2,17,17
55140,55756,5,260,0,4,0,16,0,0,6,104.5,2577.5,9824,14789,17401.5,6,5,0,4,3,3
55140,23168,7,1113.5,0,6.5,0,15.5,0,0,8,333.5,3983,10477.5,15319,17775,10,7,0,3,17,17
55140,23512,40.5,144936.5,0,12.5,0,15.5,0,0,41.5,1217,5449.5,12007,15861.5,18174.5,167.5,40.5,0,3,15,15
55140,9282,23,15540,0,15.5,0,15.5,0,0,24,601.5,4539,11557,15706,17959,230.5,23,0,3,22,22
55140,9443,19.5,76182,0,15.5,0,15.5,0,0,20.5,157,3372,10163.5,15104.5,17900.5,233,19.5,0,2,22,22
55140,4176,31.5,445540.5,0,12,0,15,0,0,32.5,1610.5,5627.5,11085,15718.5,18254,100.5,31.5,0,4,3,3
55140,54623,16,15369.5,0,9.5,0,15.5,0,0,17,517.5,4426,10922,15544.5,17922,41.5,16,0,3,22,22
57634,9443,32.5,96287,0,22,0,15,0,0,33.5,905,6793,12828.5,16678.5,18742.5,323,32.5,0,2,19,19
25929,9112,41,59205,0,17,0,15,0,0,42,1278,7507,13484.5,16752,18516,238,41,0,3,9,9
25929,4297,36,57431,0,16.5,0,15,0,0,37,1374,7517.5,13325.5,16786.5,18605.5,145,36,0,3,9,9
25929,57187,18,14902,0,11,0,15,0,0,19,529,5997.5,11637,15956,18076.5,56.5,18,0,2,9,9
25929,9984,21.5,30140.5,0,11,0,15,0,0,22.5,474,6085,11824,16173.5,18155.5,57.5,21.5,0,3,5,5
25929,51586,28,23140.5,0,20,0,15,0,0,29,565.5,5963.5,11762,16281.5,18429.5,239,28,0,2,9,9
25929,5928,68,1754841.5,0,17,0,14.5,0,0,69,1518,7669,13376,16768.5,18612.5,414.5,68,0,3,3,3
25929,8607,55.5,154276,0,16.5,0,15,0,0,56.5,1424.5,7746.5,13280.5,16724.5,18492.5,227.5,55.5,0,4,8,8
25929,54623,25,27766,0,14,0,15,0,0,26,751.5,6606,12318.5,16464,18372.5,81,25,0,3,9,9
25929,84759,24,21532.5,0,14,0,15,0,0,25,598.5,6243,11854.5,16179,18219.5,88,24,0,3,9,9
25929,55193,24.5,17197,0,16,0,15,0,0,25.5,808,6532.5,12240,16454,18383,113,24.5,0,3,9,9
25929,5828,12,12653,0,7,0.5,16,0,0,13,276.5,3053,8511,13655.5,16861.5,41.5,12,0,2,9,9
25929,23168,16,13510,0,11,0,15,0,0,17,567.5,6163,11874,16238.5,18225.5,49.5,16,0,3,9,9
3054,125476,36.5,120715.5,0,15.5,0,15,0,0,37.5,1020,6684.5,12122,16447.5,18298,110.5,36.5,0,3,9,9
3054,8518,36,138706.5,0,13,0,15,0,0,37,1239,7612.5,12575.5,16651.5,18403.5,74,36,0,3,18,18
3054,5828,30,120648.5,0,9.5,0.5,16,0,0,31,877.5,4359.5,9138.5,14095.5,17066,70,30,0,2,49,52
3054,51586,46,131136,0,22.5,0,15,0,0,47,1166.5,7270,12389.5,16721.5,18634,267.5,46,0,2,49,52
8518,51586,23,28545.5,0,17.5,0,15,0,0,24,683.5,6443.5,12055,16519,18541.5,201.5,23,0,2,53,53
54617,51586,27,14682,0,20,0,15,0,0,28,788.5,6747,12109,16653.5,18645.5,246,27,0,3,8,8
125476,9443,24,75992.5,0,20,0,15,0,0,25,290,5104,11399.5,16057.5,18357.5,271.5,24,0,2,33,34
283899,112950,22,1324,0,20,0,15,0,0,23,314.5,4900.5,11283.5,15923,18088,234.5,22,0,3,2,2
283899,9739,19,14655,0,14.5,0,14.5,0,0,20,903.5,6681,13047,16719.5,18502,79.5,19,0,3,2,2
283899,4171,46,424522.5,0,16.5,0,14.5,0,0,47,1100.5,6831.5,12318,16622.5,18630.5,154.5,46,0,4,2,2
283899,4176,36,445301,0,16.5,0,14.5,0,0,37,1723,7266.5,12287,16643.5,18692,139,36,0,4,2,2
55756,54623,16,15116.5,0,9.5,0,15.5,0,0,17,570,5537.5,11884,16198.5,18137.5,43.5,16,0,3,7,7
55756,9282,23,15287,0,15.5,0,15.5,0,0,24,654,5650.5,12519,16360,18174.5,232.5,23,0,2,7,7
55756,8607,46.5,141626.5,0,12,0,15.5,0,0,47.5,1243,6678,12846,16459,18257.5,190,46.5,0,3,7,7
55756,112950,17.5,1310.5,0,15.5,0,15.5,0,0,18.5,254.5,4373,11043.5,15652,17865.5,198,17.5,0,3,7,7
55756,5828,3,3.5,0,2.5,0.5,16.5,0,0,4,95,1984.5,8076.5,13390,16626.5,4,3,0,3,7,7
55756,23168,7,860.5,0,6.5,0,15.5,0,0,8,386,5094.5,11439.5,15973,17990.5,12,7,0,3,7,7
55756,51586,19,10491,0,15.5,0,15.5,0,0,20,384,4895,11327.5,16016,18194.5,201.5,19,0,3,7,7
23028,57187,62.5,1240927.5,0,15,0,15,0,0,63.5,1612.5,8184,13606.5,16889,18733,160,62.5,0,2,28,28
4297,112950,39.5,46085,0,23.5,0,15,0,0,40.5,1290,7133,13148.5,16730,18619,297.5,39.5,0,3,17,17
4297,9282,45,60061.5,0,23.5,0,15,0,0,46,1689.5,8410.5,14624,17438,18928,332,45,0,2,17,17
4297,5828,25,44778,0,10.5,0.5,16,0,0,26,1130.5,4744.5,10181.5,14468,17380,103.5,25,0,2,17,17
4297,51586,41,55265.5,0,23.5,0,15,0,0,42,1419.5,7655,13432.5,17094,18948,301,41,0,2,17,17
4176,728505,29.5,445284,0,10.5,0.5,14.5,0,0,30.5,1596,5600.5,10849.5,15928.5,18309.5,98.5,29.5,0,2,3,3
4171,728505,39.5,424505.5,0,10.5,0.5,14.5,0,0,40.5,973.5,5165.5,10880.5,15907.5,18248,114,39.5,0,3,13,13
4176,9984,39,462771.5,0,14.5,0,14.5,0,0,40,1798.5,8066.5,12650.5,16837.5,18773,114.5,39,0,4,3,3
4171,9984,49,441993,0,14.5,0,14.5,0,0,50,1176,7631.5,12681.5,16816.5,18711.5,130,49,0,3,5,5
4176,51586,45.5,455771.5,0,23.5,0,14.5,0,0,46.5,1890,7945,12588.5,16945.5,19047,296,45.5,0,3,3,3
4171,51586,55.5,434993,0,23.5,0,14.5,0,0,56.5,1267.5,7510,12619.5,16924.5,18985.5,311.5,55.5,0,3,13,13
4176,9968,51,570912.5,0,23.5,0,14.5,0,0,52,2109.5,8471.5,13287.5,17237,19105.5,357,51,0,4,1,1
4171,9968,61,550134,0,23.5,0,14.5,0,0,62,1487,8036.5,13318.5,17216,19044,372.5,61,0,4,1,1
4176,80335,41.5,466339.5,0,18,0,14,0,0,42.5,2298,8815,12902.5,17004,18952,135,41.5,0,4,3,3
4171,80335,51.5,445561,0,18,0,14,0,0,52.5,1675.5,8380,12933.5,16983,18890.5,150.5,51.5,0,3,3,3
4176,5828,29.5,445284,0,10.5,0.5,15.5,0,0,30.5,1601,5034.5,9337.5,14319.5,17479,98.5,29.5,0,3,3,3
4171,5828,39.5,424505.5,0,10.5,0.5,15.5,0,0,40.5,978.5,4599.5,9368.5,14298.5,17417.5,114,39.5,0,3,13,13
4176,9282,49.5,460567.5,0,23.5,0,14.5,0,0,50.5,2160,8700.5,13780,17289.5,19027,327,49.5,0,3,3,3
4171,9282,59.5,439789,0,23.5,0,14.5,0,0,60.5,1537.5,8265.5,13811,17268.5,18965.5,342.5,59.5,0,2,13,13
9968,8607,66,267251.5,0,23.5,0,15,0,0,67,1689.5,8410.5,14086.5,17323.5,18893.5,444.5,66,0,3,8,8
9968,23168,26.5,126485.5,0,18,0,15,0,0,27.5,832.5,6827,12680,16837.5,18626.5,266.5,26.5,0,3,17,17
9282,4221,40,56781.5,0,23.5,0,15,0,0,41,1554,8324,14350.5,17368.5,18911.5,277,40,0,3,2,2
9282,5828,21,15283.5,0,14,0.5,16,0,0,22,592,3946,9809.5,14307,17184,228.5,21,0,2,59,59
9282,54623,34,30396.5,0,21,0,15,0,0,35,1067,7499,13617,17115.5,18695,268,34,0,2,59,59
9282,6603,32,19111,0,22.5,0,15,0,0,33,938,7052.5,13072.5,16847,18583.5,306,32,0,2,17,17
9282,1912,33,24490,0,21,0,15,0,0,34,1007,7098.5,13171,16949,18615.5,273.5,33,0,3,6,6
9282,8295,47.5,70842,0,22,0,15,0,0,48.5,1614,8544,14657.5,17425.5,18888.5,410,47.5,0,2,59,59
9282,23168,25,16140.5,0,18,0,15,0,0,26,883,7056,13172.5,16890,18548,236.5,25,0,3,17,17
51586,23168,21,11344.5,0,18,0,15,0,0,22,613,6300.5,11981,16546,18568,205.5,21,0,3,4,4
51586,8607,60.5,152110.5,0,23.5,0,15,0,0,61.5,1470,7884,13387.5,17032,18835,383.5,60.5,0,4,4,4
51586,5828,17,10487.5,0,14,0.5,16,0,0,18,322,3190.5,8618,13963,17204,197.5,17,0,3,4,4
51586,54623,30,25600.5,0,21,0,15,0,0,31,797,6743.5,12425.5,16771.5,18715,237,30,0,3,4,4
51586,8295,43.5,66046,0,22,0,15,0,0,44.5,1344,7788.5,13466,17081.5,18908.5,379,43.5,0,3,4,4
51586,5928,73,1752676,0,24,0,14.5,0,0,74,1563.5,7806.5,13483,17076,18955,570.5,73,0,4,3,3
51586,9984,26.5,27975,0,18,0,15,0,0,27.5,519.5,6222.5,11931,16481,18498,213.5,26.5,0,4,4,4
9440,5931,63.5,149710.5,0,23.5,0,15,0,0,64.5,1455,7854,13325.5,17048,18896.5,551,63.5,0,3,33,33
9440,10847,28.5,35529.5,0,19.5,0,14.5,0,0,29.5,1080,7374,13164,16966,18751.5,300.5,28.5,0,3,12,12
29079,6603,47,293681.5,0,22.5,0,15,0,0,48,951,7102.5,12204.5,16622.5,18595.5,385.5,47,0,3,7,7
9443,8295,44,131484,0,22,0,15,0,0,45,1169.5,7377,13264,16824,18830,412.5,44,0,2,61,62
9443,23168,21.5,76782.5,0,18,0,15,0,0,22.5,438.5,5889,11779,16288.5,18489.5,239,21.5,0,3,17,17
9443,8607,61,217548.5,0,23.5,0,15,0,0,62,1295.5,7472.5,13185.5,16774.5,18756.5,417,61,0,3,8,8
9443,57187,23.5,78174.5,0,18,0,15,0,0,24.5,400,5723.5,11542,16006,18340.5,246,23.5,0,2,28,28
9443,90326,18,75925.5,0,14.5,0,15.5,0,0,19,178.5,3761.5,10336,15243,17982,231.5,18,0,3,61,62
112950,5828,15.5,1307,0,14,0.5,16,0,0,16.5,192.5,2668.5,8334,13599,16875,194,15.5,0,2,13,13
112950,55257,26.5,3827,0,21.5,0,15,0,0,27.5,444,5602,12473,16408,18258.5,265.5,26.5,0,2,13,13
112950,54623,28.5,16420,0,21,0,15,0,0,29.5,667.5,6221.5,12141.5,16407.5,18386,233.5,28.5,0,2,13,13
54623,5828,14,15113,0,8,0.5,16,0,0,15,508,3833,9174.5,14145.5,17147,39.5,14,0,3,7,7
5828,23168,5,857,0,5,0.5,16,0,0,6,324,3390,8730,13920,17000,8,5,0,4,17,17
54623,57187,20,17362,0,12,0,15,0,0,21,760.5,6777.5,12300.5,16446,18362,54.5,20,0,2,7,7
5828,57187,7,2249,0,5,0.5,16,0,0,8,285.5,3224.5,8493,13637.5,16851,15,7,0,3,24,24
5828,8295,27.5,55558.5,0,9,0.5,16,0,0,28.5,1055,4878,10215,14455.5,17340.5,181.5,27.5,0,3,24,24
23168,9984,14.5,18344.5,0,9,0,15,0,0,15.5,521.5,6422,12043,16438,18294,24,14.5,0,3,5,5
8607,9739,56,156261,0,18,0,14.5,0,0,57,1929.5,9142.5,14867,17464.5,18920,225,56,0,3,17,17
6603,90326,12.5,3827.5,0,10,0,15.5,0,0,13.5,410,4369,10550,15414.5,17892,78,12.5,0,2,21,21
7157,5520,297.5,11896357.5,0,21.5,0,14.5,0.5,0.5,298.5,3793,10604,14525.5,17392.5,19005,2011,297.5,0,3,1,1
7157,6728,286.5,11884502,0,17.5,0,14.5,0.5,0.5,287.5,3488,9078.5,13808.5,16720.5,18662.5,1986,286.5,0,3,1,1
2322,4869,80.5,339586,0,18,0,15,0,0,81.5,1918,7242.5,13362,16752,18470.5,534,80.5,0,4,1,1
55193,29072,17,17564.5,0,13,0,15,0,0,18,1344.5,7643.5,12841.5,16875,18600,71.5,17,0,2,6,6
