gene1,gene2,avgdeg,avgbet,avgclose,avgcore,avgcons,avgecc,avgeigen_cen,avghub_score,avgneighbor1,avgneighbor2,avgneighbor3,avgneighbor4,avgneighbor5,avgneighbor6,avgtriangle,avgcommon_neighbor,comm.detect,shortest_path,cohesion,adhesion
9416,58517,24.5,23778.5,0,16.5,0,14.5,0,0,25.5,1211,7691,12400,16648.5,18565,95,24.5,1,3,4,4
55035,9349,36.5,58565,0,21.5,0,15,0,0,37.5,1102.5,6923,13008,16535,18353,638.5,36.5,1,2,51,51
55226,6164,17.5,29587.5,0,14,0,15,0,0,18.5,1739.5,8028,13417.5,16930.5,18596.5,31,17.5,1,3,2,2
207,1021,102.5,813874,0,17,0,14.5,0,0,103.5,2435,9319.5,14152.5,17355.5,18926,354.5,102.5,1,4,6,6
207,23476,280,4091454,0,24,0,14,0,0,281,4191.5,11057.5,15825.5,18006,19619.5,1390,280,1,4,6,6
84154,6169,19,46133.5,0,15,0,16,0,0,20,1218,6396,11627,16046.5,18061.5,122,19,1,3,15,15
84154,6164,8.5,1984.5,0,8,0,15.5,0,0,9.5,618.5,5661,11529,16062,18049,8,8.5,1,2,15,15
1027,5925,95.5,2514718,0,20.5,0,14.5,0,0,96.5,2660,9968,14543,17495,19065.5,336.5,95.5,1,3,8,8
1027,2956,38.5,76353,0,19,0,14.5,0,0,39.5,1928.5,9056,13388.5,17168,18883,101,38.5,1,4,8,8
1027,7157,309,11942232.5,0,25,0,14.5,0.5,0.5,310,4426.5,11718.5,15172,17753.5,19246.5,2046.5,309,1,2,8,8
55143,6944,14.5,17307.5,0,12,0,15,0,0,15.5,812.5,6634,13322,16834,18297,41,14.5,1,3,7,7
55143,6117,47.5,194327.5,0,15,0,15,0,0,48.5,1532,8052,13931.5,17134.5,18581.5,169,47.5,1,4,1,1
55143,123169,13,4615,0,11.5,0,15,0,0,14,623,6296.5,12383.5,16550,18279.5,24.5,13,1,4,4,4
55143,6119,18.5,9223.5,0,12,0,15,0,0,19.5,796.5,6703,12493.5,16592,18359.5,43.5,18.5,1,4,5,5
3692,6169,31,73508.5,0,20.5,0,15.5,0,0,32,1580.5,7791,12770.5,16676.5,18459,171,31,1,2,17,17
56259,9416,21,13773.5,0,13.5,0,15,0,0,22,712,5949,11590,16098.5,18152.5,75,21,1,3,4,4
472,596,64,351324.5,0,19,0,15,0,0,65,2373.5,9850,15119.5,17494.5,18707.5,147,64,1,2,64,66
1017,7514,99,905686,0,20.5,0,14,0,0,100,3170,10595,15467,17833,19344,301,99,1,3,49,52
7150,7157,308.5,11941701,0,25.5,0,14.5,0.5,0.5,309.5,5036,12025,16057.5,17896,19234,2094,308.5,1,2,8,8
1021,861,30,40089,0,16,0,14.5,0,0,31,1343.5,8103,12787.5,16841.5,18520.5,78.5,30,1,4,6,6
1021,7157,294.5,11893210,0,21.5,0,14.5,0.5,0.5,295.5,3896,10789,14739,17507.5,18995,2010,294.5,1,3,14,14
1021,5728,72,280926.5,0,17,0,15,0,0,73,1941,9006.5,13910.5,17040.5,18576,174,72,1,2,14,14
6161,6164,18,1740,0,17,0,15.5,0,0,19,573,5912.5,11628.5,16023.5,18090.5,164.5,18,1,3,26,26
30836,6164,7.5,2745,0,7,0,15,0,0,8.5,911,6828,12626,16677,18411,3,7.5,1,2,53,53
30836,6233,11,2412,0,10,0,15,0,0,12,929,7229,13253,16792.5,18353.5,21.5,11,1,2,127,128
30836,9349,36.5,57640.5,0,21.5,0,15,0,0,37.5,1420.5,8096,13941,17062,18638.5,638.5,36.5,1,2,120,121
1026,8626,57.5,230191,0,20,0,14,0,0,58.5,2291,9798,15113.5,17588.5,18991.5,194.5,57.5,1,2,21,21
6156,6164,37,11218.5,0,22.5,0,15,0,0,38,873,7005.5,12620.5,16580,18383.5,593,37,1,2,28,28
861,7465,27.5,36425.5,0,16.5,0,14.5,0,0,28.5,1352.5,8201.5,12759.5,16755.5,18620,60,27.5,1,3,1,1
596,7465,34.5,191954.5,0,16,0,15,0,0,35.5,1559.5,8833,13801.5,17013,18608.5,46,34.5,1,3,9,9
5604,7150,38.5,91888,0,19,0,15,0,0,39.5,2378.5,9369,14860,17304,18713,141,38.5,1,3,17,17
9184,6117,52.5,202202,0,17.5,0,14.5,0,0,53.5,1639.5,8399,13636,17063,18696.5,185,52.5,1,4,1,1
8289,596,42.5,197191.5,0,18.5,0,15,0,0,43.5,1729,9165.5,14779.5,17388,18639,155.5,42.5,1,3,23,24
8289,7150,40.5,68047.5,0,20,0,15,0,0,41.5,2312.5,9221,14868.5,17396.5,18728,225,40.5,1,2,23,24
10987,6117,112.5,1552171,0,20,0,15,0,0,113.5,2501,9953,15081,17622,19004,407.5,112.5,1,4,1,1
9349,6164,37,58070.5,0,22.5,0,15,0,0,38,1225.5,7652,13336,16835,18643.5,638.5,37,1,2,20,21
6164,6181,23,9673,0,19.5,0,15,0,0,24,754,6808,12522,16579,18461,256,23,1,3,15,15
1956,4233,198.5,3454786,0,18.5,0,15.5,0,0,199.5,3649,10105,14996,17516,18912.5,826,198.5,1,2,17,17
5888,6117,78,397367.5,0,20,0,15,0,0,79,2087,9555.5,14982,17462.5,18754,235.5,78,1,4,1,1
10450,55696,15,2933,0,10,0,15,0,0,16,390,5430.5,11222.5,15688,17849.5,48.5,15,1,2,33,34
51010,54512,19,2140.5,0,13,0,16,0,0,20,192,2996,9958,14905,17440,109.5,19,1,3,8,8
51010,118460,17.5,1867.5,0,13,0,16,0,0,18.5,162.5,2872,9948,14975,17439,101,17.5,1,3,19,19
6790,6117,78.5,386142.5,0,20,0,15,0,0,79.5,2349,9737,15014.5,17526,18868,226,78.5,1,3,1,1
1019,1027,46,129756.5,0,19.5,0,15,0,0,47,1956,9360.5,14150,17335,18872.5,108.5,46,1,2,6,6
675,4089,58,215926.5,0,19,0,14.5,0,0,59,1730,9019,14571.5,17439,18867,136,58,1,3,10,10
6134,6208,84,52772,0,37,0,15,0,0,85,1465,8494,13693.5,17011.5,18559.5,1404.5,84,1,4,3,3
196528,1027,33.5,58456,0,18,0,15,0,0,34.5,1190.5,7032.5,12389,16666,18468,106.5,33.5,1,3,6,6
6198,7150,36,80643,0,19,0,14.5,0,0,37,2279,9179.5,14407.5,17308,18755,121.5,36,1,3,3,3
1111,55193,33,55128,0,19.5,0,15,0,0,34,1470,8352.5,13922,17230.5,18777,110,33,1,3,10,10
5934,8626,28.5,44644,0,17.5,0,14.5,0,0,29.5,1473.5,8926.5,14879,17422,18724,69.5,28.5,1,4,2,2
6117,203068,69.5,288194.5,0,20,0,15,0,0,70.5,2534.5,9913.5,15001.5,17480,18774.5,238.5,69.5,1,4,1,1
208,1938,16,41576.5,0,11.5,0,14.5,0,0,17,1323.5,8486,14341,17330.5,18788,11.5,16,1,3,9,9
23019,6169,31.5,98044.5,0,17.5,0,15.5,0,0,32.5,1416.5,7431.5,12592,16537,18386,169.5,31.5,0,3,10,10
23019,100529239,17.5,52308,0,7,0.5,15.5,0,0,18.5,471.5,4505,11070.5,15716,17872,54,17.5,0,2,10,10
23019,83540,25,67999,0,11,0,15.5,0,0,26,605.5,5413.5,11767.5,15914.5,17992,78,25,0,2,10,10
238,861,25,45864.5,0,13.5,0,14.5,0,0,26,1182.5,7657,13324.5,16908.5,18544.5,55.5,25,0,4,6,6
238,196528,14,15209,0,12,0,15,0,0,15,499,5657,12493,16487,18240.5,47,14,0,3,6,6
23028,100529239,56.5,1238678.5,0,11,0.5,15.5,0,0,57.5,1356,6100,12384,16308.5,18406.5,145,56.5,0,3,14,14
8664,6241,15,5895.5,0,11,0,15,0,0,16,1438,7804.5,12513,16458.5,18314,56,15,0,2,56,56
79954,100529239,3.5,25,0,3.5,0.5,16,0,0,4.5,216.5,3242,10006,15122,17542.5,4,3.5,0,2,14,14
51747,6241,7,2724,0,6.5,0,15.5,0,0,8,924.5,5710.5,11675,15984.5,17986.5,5.5,7,0,3,1,1
51747,9801,12.5,958,0,10,0,16,0,0,13.5,329.5,3507,10568.5,15364.5,17618.5,66.5,12.5,0,4,1,1
51747,10054,7,7125,0,6.5,0,15.5,0,0,8,952.5,5720,12233,16149.5,18038,6,7,0,4,1,1
9416,29980,16.5,12894.5,0,10,0,15,0,0,17.5,581.5,5393,11136.5,15140,17954.5,70.5,16.5,0,3,4,4
9416,8888,17.5,13231,0,11,0,15,0,0,18.5,726.5,6377.5,11801,16191,18209,70,17.5,0,4,4,4
9416,54460,17,12916.5,0,10.5,0,15.5,0,0,18,579,5228.5,11026.5,15733.5,17961.5,70.5,17,0,3,4,4
9416,6617,18,31064,0,10.5,0,15,0,0,19,601.5,5268.5,11343.5,16035,18089.5,71,18,0,3,4,4
9416,4695,24.5,18129,0,15.5,0,15.5,0,0,25.5,1249,6978,11941,16113.5,18172,95,24.5,0,3,4,4
9416,6241,20,15362,0,13,0,15,0,0,21,1304.5,7719,12520.5,16505.5,18372,72.5,20,0,3,4,4
9416,29074,32,16592.5,0,16.5,0,15.5,0,0,33,689,5933,11544,15922,18020.5,180,32,0,4,4,4
9416,1982,18,13112,0,11.5,0,15.5,0,0,19,776.5,6883,12071.5,16263.5,18274,71.5,18,0,4,4,4
9416,7514,53.5,255186,0,19,0,14.5,0,0,54.5,2193.5,8880.5,13718.5,17100.5,18802.5,126.5,53.5,0,4,4,4
9416,123169,23,14694,0,15.5,0,15,0,0,24,779,6674.5,11993,16386.5,18308,89,23,0,3,4,4
9416,8914,19.5,1421855,0,11.5,0,15,0,0,20.5,651,6201.5,11752.5,16370,18684,73,19.5,0,3,4,4
9416,55226,29,40894.5,0,19,0,15,0,0,30,1908.5,8457.5,13485.5,16930.5,18588.5,99.5,29,0,3,4,4
9416,100529239,16,12894.5,0,9.5,0.5,15.5,0,0,17,539.5,4622,10665.5,15613.5,17906.5,70,16,0,4,4,4
9416,63931,25,14002.5,0,17,0,15.5,0,0,26,800.5,6034.5,11487,15831.5,18037,108,25,0,3,4,4
9416,348995,21.5,13356,0,13,0,15.5,0,0,22.5,566,5125,11164,15919,17944.5,92,21.5,0,3,4,4
9416,9801,25.5,13596,0,16.5,0,15.5,0,0,26.5,709.5,5515.5,11414,15885.5,18004,133.5,25.5,0,4,4,4
55035,84844,12.5,6255,0,9.5,0,15,0,0,13.5,383.5,4702.5,11164.5,15845.5,17924.5,35,12.5,0,4,2,2
55035,6117,45.5,193594,0,13,0,15,0,0,46.5,1396,7271.5,13145,16671,18327.5,165,45.5,0,3,1,1
57647,6617,5.5,18403,0,4.5,0,15.5,0,0,6.5,302.5,3918,10701.5,15586,17735.5,4,5.5,0,3,8,8
27229,7514,44,244715.5,0,14,0,15,0,0,45,1777,7259.5,13014.5,16543,18570.5,76,44,0,3,3,3
27229,51699,10.5,3520,0,7.5,0,16,0,0,11.5,153.5,3476,10240.5,14908,17627,24,10.5,0,4,3,3
55226,100529239,14,28000,0,10.5,0.5,15.5,0,0,15,1394,5836.5,11994,16094,18095,29.5,14,0,4,2,2
55226,6117,55.5,219512,0,20,0,15,0,0,56.5,2542.5,9644.5,14869.5,17451.5,18798.5,193,55.5,0,5,1,1
6208,91603,40,6094.5,0,23.5,0,15,0,0,41,881.5,6345,12263.5,16174.5,18099.5,638,40,0,3,36,36
6208,7514,72.5,248139,0,28.5,0,14.5,0,0,73.5,2409.5,9511.5,14509,17341.5,18850.5,682.5,72.5,0,2,36,36
6208,56993,48,20546,0,27,0,15.5,0,0,49,1055,7517.5,12784,16454,18337,660,48,0,3,2,2
6208,6241,39,8315,0,22.5,0,15,0,0,40,1520.5,8350,13311,16746.5,18420,628.5,39,0,2,36,36
6208,51699,39,6943.5,0,22,0,15.5,0,0,40,786,5728,11735,15706.5,17907,630.5,39,0,3,34,34
11316,5431,32.5,21758,0,14.5,0,15.5,0,0,33.5,961,6941.5,12589,16465.5,18222,186,32.5,0,4,4,4
11316,100529239,8,4298.5,0,5.5,0.5,16,0,0,9,164,3697,10375.5,15289.5,17617,21,8,0,2,4,4
55929,6164,22.5,21562,0,12.5,0,15,0,0,23.5,1065,7190.5,13068.5,16795,18471,104.5,22.5,0,3,19,19
55929,6208,53,25822,0,27,0,15,0,0,54,1450,8251,13927,17036,18511,729,53,0,3,19,19
55929,29980,19.5,19974.5,0,9.5,0,15,0,0,20.5,761.5,5770,12116,15485,18017.5,103.5,19.5,0,2,19,19
55929,8914,22.5,1428935,0,11,0,15,0,0,23.5,831,6578.5,12732,16715,18747,106,22.5,0,3,12,12
8065,5366,40.5,196364,0,11.5,0,15.5,0,0,41.5,885,7100.5,13020.5,16580,18370,122.5,40.5,0,3,3,3
9550,51010,12,7226,0,8.5,0,16,0,0,13,91,2286.5,9591.5,14581,17266,54.5,12,0,4,4,4
23476,3815,202.5,3338396.5,0,21.5,0,14.5,0,0,203.5,2610.5,9010,14007,17060.5,18966,1090.5,202.5,0,4,10,10
10017,1938,11,35026,0,9,0,15,0,0,12,899,6045.5,13282.5,16739.5,18305,9,11,0,3,6,6
81572,6164,13,2423,0,11.5,0,15.5,0,0,14,552,5846,11627,16069.5,18210.5,44,13,0,2,21,21
81572,100529239,9.5,835.5,0,8,0.5,16,0,0,10.5,206.5,3654.5,10203.5,15233,17709,42.5,9.5,0,3,14,14
123169,4702,15.5,3433.5,0,13,0,15.5,0,0,16.5,442.5,5618,11369,15683,17903.5,42.5,15.5,0,3,12,12
123169,64969,16,3985.5,0,13.5,0,15,0,0,17,639.5,6018,11642.5,16084,18085.5,34,16,0,2,3,3
27243,100529239,4,13130.5,0,3,0.5,16,0,0,5,47.5,1972.5,9331,14570,17354,2.5,4,0,3,14,14
23272,83540,9.5,15942.5,0,6,0,16,0,0,10.5,759,5418,11224.5,15636.5,17861.5,24,9.5,0,3,16,16
23272,100529239,2,251.5,0,2,0.5,16,0,0,3,625,4509.5,10527.5,15438,17741.5,0,2,0,3,14,14
4919,6198,13.5,23405,0,10.5,0,15,0,0,14.5,1235.5,6945,12437,16306,18281.5,12.5,13.5,0,4,4,5
1763,6164,8.5,14846.5,0,8.5,0,14.5,0,0,9.5,1167,7227.5,12282.5,16544,18454,4,8.5,0,3,3,3
55125,8892,13.5,12834,0,9.5,0,16,0,0,14.5,484,5856.5,11768.5,16049.5,18286,34,13.5,0,3,10,10
8886,100529239,11.5,2548,0,8.5,0.5,15.5,0,0,12.5,580,4675,10711.5,15686,17835,31,11.5,0,3,7,7
6837,100529239,17.5,1173,0,14,0.5,15.5,0,0,18.5,295.5,3805.5,10401.5,15564,17831.5,232.5,17.5,0,3,9,9
10056,10204,3.5,368,0,3.5,0,16,0,0,4.5,160.5,3118.5,10645.5,15496.5,17682,2,3.5,0,3,5,5
387103,51010,11,1510.5,0,8.5,0,16,0,0,12,228.5,3514,10376.5,15159,17714.5,54.5,11,0,4,4,4
387103,100529239,2.5,467,0,2.5,0.5,16,0,0,3.5,201,3319.5,10225.5,15280,17757,1.5,2.5,0,3,14,14
55139,6117,42.5,191512,0,10.5,0.5,15.5,0,0,43.5,1264.5,7056,13214.5,16688,18351.5,163.5,42.5,0,5,1,1
55139,51010,9.5,1043.5,0,7,0.5,16,0,0,10.5,143.5,3442.5,10490,15209.5,17605.5,53,9.5,0,5,4,4
4236,10054,12.5,8887.5,0,10.5,0,15,0,0,13.5,1358.5,7845.5,13112,16698.5,18380.5,14,12.5,0,3,7,7
10436,55703,13.5,1256.5,0,9.5,0,15.5,0,0,14.5,237.5,3943.5,10634.5,15332.5,17711,87.5,13.5,0,3,7,7
10436,6617,4,18195,0,3,0,15.5,0,0,5,169.5,3109,10328,15344,17709,1.5,4,0,2,7,7
10436,7514,39.5,242317,0,11.5,0,15,0,0,40.5,1761.5,6721,12703,16409.5,18422,57,39.5,0,3,7,7
10436,5701,32.5,38842,0,16,0,15.5,0,0,33.5,896.5,6088.5,12229,16181,18162,405.5,32.5,0,3,7,7
10436,6134,51,46950,0,20,0,15.5,0,0,52,817,5703.5,11887.5,16079.5,18131,779,51,0,4,6,6
819,51010,17,25293,0,12,0,16,0,0,18,1056.5,5184,10894,15383,17791,65,17,0,3,4,4
819,8881,24.5,58183.5,0,13,0,15,0,0,25.5,1463.5,7511.5,12505.5,16506,18429.5,110.5,24.5,0,3,17,17
819,6164,12,25837,0,9.5,0,15.5,0,0,13,1374.5,7181,12166.5,16340.5,18335,13.5,12,0,3,17,17
819,55143,13.5,27065,0,10.5,0,15.5,0,0,14.5,1387.5,7232.5,12625,16504,18298.5,17.5,13.5,0,3,16,16
56851,51010,18.5,6262.5,0,13,0,16,0,0,19.5,903,4728,10707.5,15237,17673.5,83,18.5,0,4,4,4
55143,6181,24.5,10901,0,20.5,0,15,0,0,25.5,767,6859.5,12980.5,16742.5,18424.5,260,24.5,0,3,7,7
55143,27183,9,3988.5,0,7.5,0,15.5,0,0,10,389,4090,10323.5,14531,17272.5,8.5,9,0,3,7,7
55143,10056,7,2873.5,0,6.5,0,15.5,0,0,8,457,4625,11535,16037.5,18026,6,7,0,3,7,7
55143,29980,6.5,2815.5,0,6,0,15,0,0,7.5,425.5,5015,11527,15303.5,17926,6,6.5,0,3,7,7
55143,83548,9.5,5611.5,0,8.5,0,15.5,0,0,10.5,607.5,4939.5,11652,15555.5,17890.5,16.5,9.5,0,4,6,6
55143,5701,36.5,41632,0,19.5,0,15,0,0,37.5,1172.5,7870,13635,17035.5,18514,410.5,36.5,0,2,7,7
55143,1982,8,3033,0,7.5,0,15.5,0,0,9,620.5,6505,12462,16427,18245.5,7,8,0,4,5,5
55143,11222,16.5,3524.5,0,12.5,0,15.5,0,0,17.5,510.5,5024,11529.5,15599.5,17842.5,62.5,16.5,0,3,7,7
55143,56993,19,17514,0,13.5,0,15.5,0,0,20,683,6508.5,12384,16376.5,18260.5,39.5,19,0,4,2,2
55143,64983,12,2838,0,11.5,0,15.5,0,0,13,459.5,4021.5,10560,14616.5,17446,31,12,0,3,7,7
55143,5558,9.5,3725.5,0,8.5,0,15.5,0,0,10.5,925.5,6438,12339,16290.5,18136,11,9.5,0,3,7,7
55143,3692,22,30587.5,0,14.5,0,15,0,0,23,994,7107.5,13131,16855.5,18410,61,22,0,4,7,7
55143,5706,30.5,14310.5,0,19.5,0,15,0,0,31.5,1024,7583.5,13430,16985,18518,369.5,30.5,0,3,7,7
55143,5707,32,39640,0,19.5,0,15,0,0,33,994.5,7608.5,13556.5,17004,18637,362,32,0,4,1,1
55143,55035,9,4897.5,0,8,0,15,0,0,10,606,5706.5,12151.5,16313.5,18089,7,9,0,4,5,5
55143,29093,11,5730.5,0,10,0,15.5,0,0,12,512,4985.5,11483,15530,17828.5,15.5,11,0,3,7,7
55143,8664,16,6243.5,0,12,0,15,0,0,17,1031.5,6950.5,12540,16566.5,18313.5,59,16,0,4,7,7
55143,6134,55,49740,0,23.5,0,15,0,0,56,1093,7485,13293.5,16934,18483,784,55,0,4,6,6
55143,5985,16,21649,0,11.5,0,15,0,0,17,941,7017,12681.5,16703.5,18356.5,34.5,16,0,5,1,1
55143,117246,25,18438,0,15.5,0,15,0,0,26,1191,7379,13284.5,16925.5,18482.5,101.5,25,0,4,7,7
55143,6161,19.5,2968,0,18,0,15.5,0,0,20.5,586,5964,12087,16187,18054,168.5,19.5,0,4,7,7
55143,5518,59,435740,0,14.5,0,15,0,0,60,1927,8440.5,14127.5,17145,18539,177,59,0,4,7,7
55143,23020,34.5,22493.5,0,15,0,15,0,0,35.5,1327.5,7632.5,12906.5,16811,18433,197,34.5,0,3,7,7
55143,1743,14.5,36241,0,11.5,0,15,0,0,15.5,1148.5,7134.5,13516.5,16858,18390.5,17,14.5,0,3,7,7
55143,9793,11,5460.5,0,9,0,15,0,0,12,614.5,6398,12366.5,16432.5,18237.5,8.5,11,0,3,7,7
55143,8914,9.5,1411776,0,7.5,0,15,0,0,10.5,495,5823.5,12143,16533.5,18655.5,8.5,9.5,0,4,7,7
55143,57703,8,15316.5,0,6.5,0,15,0,0,9,443,5230.5,11480,15687,17947.5,6,8,0,3,7,7
55143,6152,35,6197,0,23.5,0,15,0,0,36,984.5,7210.5,13185.5,16865.5,18388,563.5,35,0,4,2,2
55143,5710,44,144358.5,0,19.5,0,15,0,0,45,1476,8241.5,14012,17117,18685.5,389.5,44,0,3,7,7
5707,6122,67,58725.5,0,33,0,15,0,0,68,1523,8816.5,14440.5,17289,18831.5,1088,67,0,4,4,5
5707,6241,31,39292,0,18.5,0,15,0,0,32,1401,8462.5,13529.5,16896,18637.5,359,31,0,2,36,38
5707,9039,28.5,36898.5,0,16.5,0,15.5,0,0,29.5,672.5,5734,12113,16073,18260,358,28.5,0,3,11,11
27235,51010,9.5,1043.5,0,7,0.5,16,0,0,10.5,58.5,1918.5,9100.5,13624,17025,53,9.5,0,4,4,4
27235,100529239,1,0,0,1,1,16,0,0,2,31,1724,8949.5,13745,17067.5,0,1,0,3,14,14
28973,100529239,11.5,15162.5,0,8.5,0.5,15.5,0,0,12.5,387,3857.5,10339.5,15448.5,17754,41.5,11.5,0,3,14,14
54948,83540,12,19969,0,8,0,16,0,0,13,733.5,4957.5,11047.5,15412.5,17759.5,30.5,12,0,2,38,40
54948,6117,46,195790,0,13.5,0,15.5,0,0,47,1748,7857,13226,16571.5,18343,170,46,0,3,1,1
54948,5558,8,5188,0,7,0,16,0,0,9,1141.5,6243,11633.5,15727.5,17897.5,12,8,0,2,38,40
79109,100529239,4.5,701,0,4,0.5,15.5,0,0,5.5,356,3920,10540,15483.5,17822.5,5.5,4.5,0,3,4,4
983,4141,51.5,252712.5,0,16,0,14.5,0,0,52.5,1999.5,9080.5,14359,17348,18771.5,163.5,51.5,0,2,16,17
983,83540,52.5,264217,0,15,0,15,0,0,53.5,1650,7157.5,12961,16446,18385.5,163,52.5,0,3,16,17
983,23020,73.5,268204,0,20.5,0,14.5,0,0,74.5,2460,9637.5,14114.5,17281.5,18820.5,330.5,73.5,0,3,16,17
5925,4919,72.5,2456948.5,0,12.5,0,15,0,0,73.5,2226,8040,13458,16635.5,18579.5,275,72.5,0,2,25,25
3692,100529239,17,27772,0,10,0.5,15.5,0,0,18,635.5,4864.5,11249,15855.5,17945,55.5,17,0,3,14,14
3692,10204,18.5,28082,0,11.5,0,15.5,0,0,19.5,697.5,5601,12241.5,16314.5,18066,57,18.5,0,2,39,39
86,51010,29.5,5943.5,0,16,0,15.5,0,0,30.5,557,5000,10921.5,15568,17889,190,29.5,0,4,4,4
80198,7015,18,74753,0,12,0,15,0,0,19,997,6962.5,13040.5,16781.5,18430,21,18,0,4,2,2
10135,5293,4.5,2845,0,4,0,16,0,0,5.5,139.5,3244,10276.5,14685,17434,1.5,4.5,0,4,3,3
10135,7295,11.5,86041,0,8,0,15.5,0,0,12.5,816.5,6305.5,12554,16230,17965,5,11.5,0,2,22,22
10135,5565,27,185600.5,0,8,0,15.5,0,0,28,439,5384,11508.5,15972.5,17983,15.5,27,0,3,22,22
25764,6117,49.5,208128,0,15,0,15,0,0,50.5,1499,8497.5,13564.5,16863.5,18559.5,167.5,49.5,0,4,1,1
64983,10204,8.5,332.5,0,8.5,0,16,0,0,9.5,163,2515,9670.5,14075.5,17102,27,8.5,0,3,14,14
51649,6169,28.5,48562.5,0,19,0,16,0,0,29.5,1304.5,6889,11939.5,16189.5,18232,200,28.5,0,3,15,17
8085,7150,35.5,79993.5,0,18.5,0,15,0,0,36.5,2352.5,9219.5,14855,17499.5,18959,145,35.5,0,2,49,49
113130,8243,32,79133.5,0,15.5,0,14.5,0,0,33,1281,7899,12776.5,16823,18594,93.5,32,0,4,9,9
1198,6241,21,19009.5,0,13.5,0,15,0,0,22,1300,8009.5,13348,16819.5,18379.5,48.5,21,0,2,56,56
1198,10135,18.5,17487.5,0,11.5,0,15.5,0,0,19.5,596.5,5678,12134,16104,17867,46.5,18.5,0,2,79,82
1198,7514,54.5,258833.5,0,19.5,0,14.5,0,0,55.5,2189,9171,14546,17414.5,18810,102.5,54.5,0,2,74,79
440145,6208,40,6199,0,22.5,0,15.5,0,0,41,777.5,5508.5,11698,15592.5,17911.5,645.5,40,0,3,4,4
440145,6164,9.5,1939,0,8,0,15.5,0,0,10.5,392.5,4448,10839.5,15351.5,17871.5,21,9.5,0,3,4,4
8487,6161,22.5,5432.5,0,18.5,0,15.5,0,0,23.5,362.5,4984,11154,15597,17892.5,195.5,22.5,0,4,8,8
8487,55703,20.5,6511,0,13.5,0,15,0,0,21.5,290,4745,11107.5,15597,17901.5,119.5,20.5,0,3,11,11
8487,80789,14,29951.5,0,8,0,15,0,0,15,228,4165.5,10961,15551,17853.5,37,14,0,3,11,11
8487,6617,11,23449.5,0,7,0,15,0,0,12,222,3910.5,10801,15608.5,17899.5,33.5,11,0,3,11,11
56259,10540,22,28200,0,11,0,15,0,0,23,639.5,5901.5,11648.5,16055.5,18104.5,49,22,0,3,4,4
56259,51010,14.5,1922.5,0,11,0,15.5,0,0,15.5,225,3522.5,10249.5,15141,17616.5,58,14.5,0,4,4,4
56259,6117,47.5,192391,0,14.5,0,15,0,0,48.5,1346,7136,12974,16619.5,18362.5,168.5,47.5,0,4,1,1
56259,5558,9.5,1789,0,8,0,15.5,0,0,10.5,739.5,5522,11381.5,15775.5,17917,10.5,9.5,0,3,4,4
56259,10204,7.5,1189,0,6.5,0,15.5,0,0,8.5,259.5,4064.5,11091,15721,17780,6.5,7.5,0,3,4,4
80218,100529239,3.5,1933.5,0,2.5,0.5,16,0,0,4.5,74,2496,9517.5,14532,17429,1.5,3.5,0,2,13,13
139322,100529239,5,4633.5,0,4,0.5,16,0,0,6,113,2966.5,9729,14765.5,17461.5,9,5,0,3,10,10
476,51010,23,25680.5,0,15.5,0,16,0,0,24,1318,5653.5,11035.5,15471,17825.5,94.5,23,0,4,4,4
5431,6617,27.5,35629,0,11,0,15,0,0,28.5,884,5892,12065.5,16374.5,18201,166,27.5,0,3,35,36
5431,7514,63,259751,0,19.5,0,14.5,0,0,64,2476,9504,14440.5,17440,18914,221.5,63,0,2,74,79
10557,23020,31,19680.5,0,12,0,15.5,0,0,32,975,5082.5,10300,15095.5,17775.5,194,31,0,2,22,22
55703,100529239,12.5,1231,0,8.5,0.5,15.5,0,0,13.5,155,3482,10158.5,15187,17598,87,12.5,0,3,14,14
55703,6169,26.5,46967.5,0,19,0,15.5,0,0,27.5,1100,6408.5,11680,16008,18112,202.5,26.5,0,3,17,17
55703,6164,16,2818.5,0,12,0,15,0,0,17,500.5,5673.5,11582,16023.5,18099.5,88.5,16,0,3,53,53
90,27349,5,3071.5,0,4,0.5,16,0,0,6,102,2212.5,7844.5,13154,16731.5,5,5,0,3,28,29
64105,100529239,4,797.5,0,4,0.5,16,0,0,5,38.5,1630.5,8574.5,13942,17214.5,5,4,0,2,14,14
64105,51010,12.5,1841,0,10,0,16,0,0,13.5,66,1825,8725.5,13821,17172,58,12.5,0,3,4,4
23404,6241,15,9496,0,10.5,0,15,0,0,16,919,6426.5,12353.5,16293.5,18087.5,56.5,15,0,3,22,23
23404,100529239,11,7028.5,0,7,0.5,15.5,0,0,12,154,3329.5,10498.5,15401.5,17622,54,11,0,2,14,14
23404,64983,17,7051,0,13,0,15.5,0,0,18,230,3107,10002.5,14241,17190,79.5,17,0,2,22,23
23404,3309,74,1581260,0,17,0,14.5,0,0,75,2222.5,8586.5,14025,16887.5,18424.5,272,74,0,3,19,19
51184,7514,43,242407.5,0,15,0,15,0,0,44,1774,7177.5,12855.5,16368,18429,73.5,43,0,3,3,3
63967,29074,24.5,92775,0,14,0,15.5,0,0,25.5,1086.5,6600,12010,16137.5,18196,119.5,24.5,0,3,5,5
63967,64432,17.5,90995.5,0,14.5,0,15,0,0,18.5,1225,6937,12248.5,16338,18327.5,50,17.5,0,2,6,7
63967,63931,17.5,90185,0,14.5,0,15.5,0,0,18.5,1198,6701.5,11953,16047,18212.5,47.5,17.5,0,3,6,7
63967,1982,10.5,89294.5,0,9,0,15.5,0,0,11.5,1174,7550,12537.5,16479,18449.5,11,10.5,0,3,5,5
63967,8914,12,1498037.5,0,9,0,15,0,0,13,1048.5,6868.5,12218.5,16585.5,18859.5,12.5,12,0,3,6,7
63967,6617,10.5,107246.5,0,8,0,15,0,0,11.5,999,5935.5,11809.5,16250.5,18265,10.5,10.5,0,2,6,7
53918,6233,8.5,1612,0,8,0,15,0,0,9.5,621,6301.5,12418,16373,18122.5,20,8.5,0,2,25,25
8881,80777,24,76909.5,0,14,0,14.5,0,0,25,1297.5,7494,13417.5,16868.5,18564.5,109.5,24,0,3,10,10
8881,100529239,17,33934,0,8,0.5,15,0,0,18,459.5,4523,10936.5,15779,18009,98.5,17,0,3,10,10
8881,7514,54.5,276225.5,0,17.5,0,14,0,0,55.5,2113.5,8781.5,13989.5,17266,18905,155,54.5,0,2,10,10
8881,29980,17.5,33934,0,8.5,0,14.5,0,0,18.5,501.5,5294,11407.5,15305.5,18057,99,17.5,0,2,10,10
8881,6119,29.5,40342,0,14.5,0,14.5,0,0,30.5,872.5,6982,12374,16594,18490.5,136.5,29.5,0,2,5,5
8881,27085,18.5,35122,0,9,0,14.5,0,0,19.5,608,5923.5,12088.5,16352,18369,99,18.5,0,3,10,10
1982,5424,9.5,8006.5,0,7,0,15.5,0,0,10.5,714.5,6919.5,12256.5,16396,18238,11,9.5,0,2,27,27
1982,84296,7.5,14405.5,0,5.5,0,15.5,0,0,8.5,335,5558,11291,15611.5,17975.5,12,7.5,0,4,4,4
1982,23404,13,7246,0,9,0,15.5,0,0,14,391,5590.5,11904.5,16051.5,17989.5,55.5,13,0,3,11,11
1982,5520,16,12356.5,0,9,0,15.5,0,0,17,643.5,6853.5,12079.5,16283,18263.5,27.5,16,0,4,8,8
1982,4141,9.5,4404,0,8,0,15.5,0,0,10.5,745.5,7093.5,12675,16527.5,18286.5,26,9.5,0,3,27,27
1982,9928,16.5,28427,0,9.5,0,15.5,0,0,17.5,756.5,7097,12293.5,16378.5,18264.5,12.5,16.5,0,2,10,10
1982,9349,35.5,56700.5,0,21,0,15.5,0,0,36.5,1117,7721.5,13318.5,16648.5,18509.5,638.5,35.5,0,3,27,27
1982,6432,19.5,8101.5,0,12,0,15.5,0,0,20.5,938,6975,12612,16378.5,18142.5,71.5,19.5,0,3,27,27
1982,6122,43,22118.5,0,21,0,15.5,0,0,44,1149,7713,13346,16712,18440,733,43,0,4,4,5
1982,7372,3,217.5,0.5,3,0.5,8.5,0,0,4,250.5,3262.5,5994,8039.5,9075,1.5,3,0,3,4,4
1982,6135,49,27708.5,0,21,0,15.5,0,0,50,1280,7971.5,13390.5,16746.5,18465.5,876.5,49,0,2,10,10
1982,6155,20.5,2153.5,0,17.5,0,15.5,0,0,21.5,801,7358,13219.5,16543,18343,217.5,20.5,0,3,27,27
1982,153527,4.5,1177,0,4.5,0,15.5,0,0,5.5,511,6303.5,12111,16322,18199.5,2,4.5,0,4,8,8
1982,22803,13,23869,0,9.5,0,15.5,0,0,14,1070,7628.5,12575,16533.5,18377.5,10.5,13,0,4,6,6
1982,4682,3,217.5,0,3,0.5,16.5,0,0,4,252,3374,8111.5,13461,16700,1.5,3,0,2,27,27
1982,10450,14.5,3101.5,0,9.5,0,15.5,0,0,15.5,519,6340,11723.5,15972.5,18066,46,14.5,0,4,4,4
1982,84844,11.5,4390.5,0,9,0,15.5,0,0,12.5,398,5501,11475,15959,18081,35,11.5,0,4,2,2
1982,6873,7.5,799,0,7.5,0,15.5,0,0,8.5,614,6175.5,12389.5,16427.5,18248,11,7.5,0,4,3,3
1982,10436,4,243,0,4,0,16,0,0,5,344.5,4723.5,11056,15572.5,17893.5,2,4,0,3,20,21
1982,6117,44.5,191729.5,0,12.5,0,15.5,0,0,45.5,1410.5,8070,13455.5,16784.5,18484,165,44.5,0,3,1,1
1982,3615,9,9465,0,7.5,0,15.5,0,0,10,1061,7494,12456,16383.5,18283.5,7,9,0,3,27,27
1982,9039,4.5,291.5,0,4.5,0,16,0,0,5.5,298.5,4630.5,11018.5,15496,17868.5,3,4.5,0,3,11,11
1982,4144,6.5,28114.5,0,5,0,15.5,0,0,7.5,700,6603.5,12147,16310,18273,2.5,6.5,0,4,10,10
1982,5984,12.5,9398,0,9,0,15.5,0,0,13.5,913,7200.5,12233.5,16359.5,18247,33,12.5,0,2,27,27
1982,51747,5,474,0,5,0,16,0,0,6,396.5,4874.5,11226,15742.5,17888.5,4.5,5,0,4,10,10
1982,8487,11,5497.5,0,8,0,15.5,0,0,12,397,5525,11529,15837,18084,34,11,0,3,8,8
1982,6241,7,2685,0,6.5,0,15.5,0,0,8,1027,7359,12435,16319,18246,4,7,0,3,27,27
1982,197370,6,353.5,0,5.5,0,16,0,0,7,259,3452,8587.5,13962,17245.5,8,6,0,3,22,22
1982,5422,9.5,23055.5,0,7.5,0,15.5,0,0,10.5,1108.5,7323,12573.5,16509,18361,13,9.5,0,3,8,8
1982,5558,6.5,1127.5,0,6,0,16,0,0,7.5,804,6456,11863,15940.5,18038.5,7,6.5,0,2,27,27
5422,6169,21.5,68574.5,0,16,0,15.5,0,0,22.5,1816.5,7988.5,12689,16680,18507.5,127,21.5,0,3,12,12
5422,5932,23.5,43878.5,0,14.5,0,15,0,0,24.5,1613.5,8476,13676,17092,18637,39,23.5,0,3,12,12
6169,27229,20.5,48160.5,0,15,0,16,0,0,21.5,1068,5927.5,11483,15877,18188.5,135,20.5,0,2,26,27
6169,6637,23.5,46688,0,17.5,0,15.5,0,0,24.5,1162,6565,11692,16075.5,18122,148,23.5,0,2,22,22
6169,27183,18,46909.5,0,13.5,0,16,0,0,19,975.5,4773.5,9963,14352,17321.5,118.5,18,0,3,20,20
6169,153443,15,45736.5,0,11.5,0.5,16,0,0,16,1044,5480.5,10912.5,15299,17859,115.5,15,0,3,12,12
6169,51699,19,46832.5,0,14.5,0,16,0,0,20,1000.5,5402.5,10974.5,15450,17879.5,120,19,0,2,34,34
8663,6117,53.5,195791.5,0,17,0,15,0,0,54.5,1931.5,8676,13662.5,16890,18600.5,227,53.5,0,3,1,1
8663,51010,20.5,5323,0,13.5,0,15.5,0,0,21.5,810.5,5062.5,10938,15411.5,17854.5,116.5,20.5,0,3,4,4
1615,6617,10.5,26983,0,7,0,15.5,0,0,11.5,255,4480,11054.5,15757.5,17836.5,26.5,10.5,0,2,13,13
1615,4695,17,14048,0,12,0,16,0,0,18,902.5,6189.5,11652,15836,17919,50.5,17,0,3,13,13
8667,6169,30.5,66858,0,18,0,15.5,0,0,31.5,1652,8336.5,13524,16820.5,18563,186,30.5,0,3,17,17
8667,6164,20,22709,0,11,0,15,0,0,21,1052.5,7601.5,13426,16836,18550.5,72,20,0,2,53,53
8667,10436,17.5,21147,0,8.5,0,15.5,0,0,18.5,789.5,5871.5,12478.5,16145,18162,71,17.5,0,2,20,21
1017,10135,63,664340,0,12.5,0,15,0,0,64,1577.5,7102,13055,16522.5,18401,245,63,0,2,49,52
1017,27349,61.5,663394.5,0,11,0.5,15.5,0,0,62.5,1512,5558.5,10325,14441.5,17469,244.5,61.5,0,2,28,29
1017,7372,61.5,663394.5,0.5,11,0.5,7.5,0,0,62.5,1504.5,5337,7828,8958.5,9742.5,244.5,61.5,0,3,4,4
1017,6241,65.5,665862,0,14.5,0,14.5,0,0,66.5,2281,9433.5,14269,17238,18913.5,247,65.5,0,2,49,52
83548,100529239,4.5,2796,0,4,0.5,16,0,0,5.5,249,2696.5,9770,14555.5,17425.5,11,4.5,0,3,11,12
126074,63979,4.5,23716.5,0,3.5,0,16,0,0,5.5,77,1902,9552,15047,17434,4,4.5,0,3,3,3
4173,6241,23,31703,0,14,0,14.5,0,0,24,2027.5,8717.5,13024.5,16804.5,18543.5,77,23,0,3,21,21
117246,100529239,20,15622.5,0,11,0.5,15.5,0,0,21,832.5,5136,11402.5,15925.5,18017.5,96,20,0,2,14,14
117246,6117,61.5,207134.5,0,20.5,0,15,0,0,62.5,1981,8944,14278,17283,18721,259.5,61.5,0,4,1,1
51520,84844,17.5,7004.5,0,12,0,15.5,0,0,18.5,479.5,5491,11517,16024,18051,59.5,17.5,0,4,2,2
93594,27229,8,2424.5,0,6,0,16,0,0,9,209.5,3560,10513.5,15215,17748,22,8,0,3,10,10
229,22934,4.5,7686.5,0,3.5,0,16,0,0,5.5,48.5,2660,9202,14165.5,17155,2.5,4.5,0,4,8,8
1350,83540,11,15746,0,7,0,16,0,0,12,217,3122.5,9891.5,14038.5,17153.5,27.5,11,0,2,36,36
1350,84296,8,14243,0,5.5,0,15.5,0,0,9,156,3510,9905.5,14024.5,17228.5,14,8,0,3,4,4
1350,6155,21,1991,0,17.5,0,15.5,0,0,22,622,5310,11834,14956,17596,219.5,21,0,3,36,36
1350,5558,7,965,0,6,0,16,0,0,8,625,4408,10477.5,14353.5,17291.5,9,7,0,2,36,36
1350,10204,5,365,0,4.5,0,16,0,0,6,145,2950.5,10187,14299,17154.5,5,5,0,3,36,36
1350,4779,7.5,1733,0,6,0,15.5,0,0,8.5,353,4224.5,10529.5,14466,17459.5,6.5,7.5,0,3,27,27
1350,27229,9,2479,0,6.5,0,16,0,0,10,181,3214,9982,14119,17295,23,9,0,3,26,27
26610,100529239,2,0,0,2,0.5,16,0,0,3,21,1425,8122.5,14251,17212.5,1.5,2,0,3,13,13
26610,51010,10.5,1043.5,0,8,0,16,0,0,11.5,48.5,1619.5,8273.5,14130,17170,54.5,10.5,0,3,4,4
26610,6156,34.5,9631,0,20,0,15.5,0,0,35.5,523.5,4238,10145.5,15217.5,17681.5,593,34.5,0,3,13,13
56993,9039,15.5,14772.5,0,10.5,0,16,0,0,16.5,361,4634,10940.5,15445.5,17883.5,35.5,15.5,0,2,11,11
10540,7514,54.5,269612.5,0,16.5,0,14.5,0,0,55.5,2121,8833,13777,17057.5,18754.5,100.5,54.5,0,3,20,20
10540,10054,21,34189.5,0,10.5,0,15,0,0,22,1260,7681,13137,16627.5,18375.5,47,21,0,4,7,7
10540,6240,19,27401.5,0,8.5,0,15,0,0,20,553,5786.5,11753.5,16054.5,18092.5,45,19,0,3,20,20
10540,4702,24.5,28955,0,13,0,15.5,0,0,25.5,645,6139,11591.5,15703.5,17947.5,67.5,24.5,0,2,20,20
10540,55035,20,29403,0,9.5,0,15,0,0,21,689.5,6037,11819.5,16107,18069.5,45.5,20,0,4,5,5
10540,51699,21,28417,0,10,0,15.5,0,0,22,497.5,5049.5,11003,15422.5,17811,48.5,21,0,3,20,20
10540,65003,37,65971,0,14,0,15,0,0,38,758.5,6197.5,11756,16060,18139,164,37,0,2,8,8
10540,11222,27.5,28030,0,14,0,15.5,0,0,28.5,594,5354.5,11197.5,15393,17823,101,27.5,0,3,8,8
10540,25764,24,43937,0,11.5,0,15,0,0,25,792.5,7263,12239,16299.5,18301.5,48,24,0,2,20,20
10540,5710,55,168864,0,21,0,15,0,0,56,1559.5,8572,13680,16910.5,18666,428,55,0,3,20,20
10540,9918,21,30252,0,10,0,15,0,0,22,1297,7591.5,12767.5,16650,18423,49.5,21,0,3,14,14
10540,1982,19,27538.5,0,9,0,15.5,0,0,20,704,6835.5,12130,16220.5,18226,45.5,19,0,3,5,5
10540,5558,20.5,28231,0,10,0,15.5,0,0,21.5,1009,6768.5,12007,16084,18116.5,49.5,20.5,0,2,20,20
10540,6164,20.5,28908.5,0,10.5,0,15,0,0,21.5,812.5,6766,12147.5,16407,18360,45.5,20.5,0,2,20,20
10540,23272,18,27572.5,0,8,0,15.5,0,0,19,1067,7083,12077.5,16231.5,18187,44,18,0,2,20,20
10540,8892,20,37263,0,9.5,0,15.5,0,0,21,666,6422.5,11999.5,16216,18390.5,50,20,0,3,20,20
259282,6164,7.5,1629,0,7.5,0,15,0,0,8.5,443,5000.5,11307.5,16045.5,18139.5,9,7.5,0,3,4,4
6161,100529239,14.5,152.5,0,13.5,0.5,16,0,0,15.5,227.5,3721,10205,15187,17589,163,14.5,0,2,14,14
5293,7514,40.5,244191,0,12,0,15,0,0,41.5,1732,6737,12688.5,15995.5,18377,57.5,40.5,0,3,10,10
5293,6241,7,4367,0,6,0,15.5,0,0,8,843,5575.5,11490.5,15400.5,17946.5,3.5,7,0,3,10,10
5293,7372,3,1899.5,0.5,2.5,0.5,8.5,0,0,4,66.5,1479,5049.5,7121,8775.5,1,3,0,4,4,4
30836,10204,5.5,1467.5,0,5,0,15.5,0,0,6.5,627.5,5373,12195,16299.5,18030.5,3,5.5,0,2,127,128
30836,6117,45.5,192669.5,0,13,0,15,0,0,46.5,1714,8444.5,14078,17198,18613,165,45.5,0,3,1,1
30836,84844,12.5,5330.5,0,9.5,0,15,0,0,13.5,701.5,5875.5,12097.5,16372.5,18210,35,12.5,0,3,2,2
83540,5985,18.5,34524.5,0,11,0,15.5,0,0,19.5,716.5,5682.5,11496.5,15902,18011.5,53,18.5,0,4,1,1
83540,11224,38,17471.5,0,22,0,15.5,0,0,39,586.5,5457.5,11842.5,15921,17947.5,495.5,38,0,4,7,7
83540,8480,21,41116.5,0,10.5,0,15.5,0,0,22,662.5,5705,12202,16068.5,17943,37,21,0,3,8,8
83540,10284,18.5,708381.5,0,12.5,0,15.5,0,0,19.5,547.5,5411,11854,16211.5,18349,48.5,18.5,0,2,8,8
83540,6164,12,17278.5,0,8.5,0,15.5,0,0,13,504.5,5101,11294.5,15812,18034.5,25.5,12,0,3,8,8
83540,6617,10.5,33860.5,0,6,0,15.5,0,0,11.5,221,3556,10549,15397,17716,25,10.5,0,3,8,8
83540,6119,21,22099,0,11.5,0,15.5,0,0,22,572,5368.5,11308.5,15790.5,18014.5,62,21,0,4,5,5
83540,84447,27,76564.5,0,12,0,15.5,0,0,28,777,6344.5,12598.5,16115.5,18053,55.5,27,0,4,7,7
83540,94081,49.5,187451.5,0,13.5,0,16,0,0,50.5,1181,6132.5,11478,15780,17944,131,49.5,0,3,8,8
28958,8892,7,10113.5,0,6,0,16,0,0,8,288,4217.5,10511.5,14508.5,17585.5,10,7,0,2,13,13
6839,6305,30.5,182646,0,12,0,15.5,0,0,31.5,1003,6612.5,12304.5,16369.5,18328,44,30.5,0,2,57,57
5932,6208,51,26888,0,28,0,15,0,0,52,1497.5,8667,13964.5,17087.5,18598,653.5,51,0,3,27,27
5932,6241,21,23508,0,13.5,0,15,0,0,22,1532,8512,13537.5,16902,18522,30,21,0,2,27,27
57505,100529239,13.5,16401.5,0,7,0.5,15.5,0,0,14.5,222,3487.5,10198,15220,17626.5,23,13.5,0,3,8,8
57505,9416,28.5,29296,0,15.5,0,15,0,0,29.5,736.5,6108.5,11689.5,16056.5,18120,93,28.5,0,2,8,8
57505,6117,55,207913.5,0,16.5,0,15,0,0,56,1370.5,7295.5,13073.5,16577.5,18330,186.5,55,0,4,1,1
5520,6617,16,30308.5,0,8,0,15,0,0,17,468.5,5239,11351.5,16054.5,18079,27,16,0,3,17,17
5520,7514,51.5,254430.5,0,16.5,0,14.5,0,0,52.5,2060.5,8851,13726.5,17120,18792,82.5,51.5,0,2,17,17
79587,6117,45,191541,0,13,0,15.5,0,0,46,1313.5,6340.5,12464.5,16247,18160.5,168.5,45,0,5,1,1
79587,100529239,3.5,29,0,3.5,0.5,16,0,0,4.5,165,2532.5,9589,14889.5,17457,5,3.5,0,4,2,2
94104,100529239,3.5,351.5,0,3.5,0.5,16,0,0,4.5,149,3040.5,9922,15185.5,17664,1.5,3.5,0,3,7,7
64432,6164,13.5,3506,0,12,0,15,0,0,14.5,658.5,5840.5,11714.5,16122.5,18160,42,13.5,0,2,45,45
10200,6164,11.5,1686,0,10.5,0,15.5,0,0,12.5,394.5,4365.5,10727.5,15498,17877,45,11.5,0,3,6,6
11113,9793,10,5164.5,0,8,0,15.5,0,0,11,542.5,6426,11809.5,16050.5,18084.5,5.5,10,0,4,9,9
11113,5706,29.5,14014.5,0,18.5,0,15.5,0,0,30.5,952,7611.5,12873,16603,18365,366.5,29.5,0,3,9,9
11113,10204,6.5,2829.5,0,6,0,16,0,0,7.5,373.5,5008.5,11491.5,15854,17846,4,6.5,0,2,9,9
11113,6164,8.5,4107,0,8,0,15.5,0,0,9.5,657,6463.5,11922.5,16231.5,18226.5,4,8.5,0,3,9,9
11113,1982,7,2737,0,6.5,0,16,0,0,8,548.5,6533,11905,16045,18092.5,4,7,0,4,5,5
11113,9416,20,15414,0,13,0,15.5,0,0,21,826,6893,11990.5,16231.5,18218.5,72.5,20,0,4,9,9
11113,5701,35.5,41336,0,18.5,0,15.5,0,0,36.5,1100.5,7898,13078,16653.5,18361,407.5,35.5,0,3,9,9
11113,6119,17.5,8927.5,0,11,0,15.5,0,0,18.5,724.5,6731,11936.5,16210,18206.5,40.5,17.5,0,4,5,5
1314,56993,23.5,29279.5,0,14,0,15.5,0,0,24.5,911.5,7059.5,12043,16196,18306.5,55,23.5,0,4,2,2
1314,8914,14,1423541.5,0,8,0,15,0,0,15,723.5,6374.5,11802,16353,18701.5,24,14,0,3,10,10
1314,2671,12.5,17087.5,0,7.5,0,15,0,0,13.5,776,6467,11764,16051,18204,21.5,12.5,0,4,2,2
1314,6169,24.5,60317.5,0,16.5,0,15.5,0,0,25.5,1557,7721.5,12236.5,16417.5,18438,136.5,24.5,0,3,10,10
1314,4686,20,20647,0,11.5,0,15,0,0,21,968,6993,11972.5,16158.5,18246,33,20,0,3,10,10
1314,29980,11,14581,0,6.5,0,15,0,0,12,654,5566,11186,15123,17972,21.5,11,0,3,10,10
1314,51010,19,15624.5,0,12,0,15.5,0,0,20,639.5,4989.5,10866,15475.5,17881.5,74,19,0,4,4,4
1314,8667,26,35702.5,0,12.5,0,15,0,0,27,1294,8204,13543.5,16819,18560,91.5,26,0,2,10,10
1314,1982,12.5,14798.5,0,8,0,15.5,0,0,13.5,849,7056,12121,16246.5,18291.5,22.5,12.5,0,4,5,5
1314,55090,29,14902,0,19,0,15,0,0,30,761.5,6029.5,11677.5,16126.5,18281.5,276,29,0,4,3,3
1314,6837,27,15754,0,19,0,15,0,0,28,882.5,6599.5,11942.5,16383.5,18342.5,253.5,27,0,3,10,10
1314,8888,12,14917.5,0,7.5,0,15,0,0,13,799,6550.5,11850.5,16174,18226.5,21,12,0,4,10,10
1314,6164,14,16168.5,0,9.5,0,15,0,0,15,957.5,6986.5,12138.5,16433,18425.5,22.5,14,0,3,10,10
1314,93594,12,14581.5,0,7.5,0,15.5,0,0,13,698.5,5354,11267,15755.5,17997.5,23.5,12,0,3,10,10
1314,55850,14.5,17781,0,9,0,15.5,0,0,15.5,1292,6995,11984,16071,18191.5,26.5,14.5,0,3,10,10
1314,51026,11.5,14582,0,7,0,15.5,0,0,12.5,923,5729.5,11295,15493,17964.5,22,11.5,0,3,10,10
1314,29074,26.5,18279,0,13,0,15.5,0,0,27.5,761.5,6106,11593.5,15905,18038,131,26.5,0,4,5,5
1314,6873,15,15162.5,0,10.5,0,15,0,0,16,964,6708.5,12524.5,16597,18391.5,30.5,15,0,4,3,3
1314,23020,39,34259,0,15.5,0,15,0,0,40,1556,8183.5,12565.5,16630.5,18479,212.5,39,0,3,10,10
1314,9416,25.5,27475.5,0,14.5,0,15,0,0,26.5,1126.5,7416,12206.5,16433,18417.5,91,25.5,0,2,10,10
701,6117,62.5,244479.5,0,17.5,0,15,0,0,63.5,1718.5,8660.5,14026,17189,18692.5,222.5,62.5,0,4,1,1
701,10204,22.5,53277.5,0,9.5,0,15.5,0,0,23.5,632,5589,12143,16290.5,18110,60.5,22.5,0,3,2,2
701,6164,24.5,54555,0,11.5,0,15,0,0,25.5,915.5,7044,12574,16668,18490.5,60.5,24.5,0,3,2,2
701,9416,36,65862,0,16.5,0,15,0,0,37,1084.5,7473.5,12642,16668,18482.5,129,36,0,2,2,2
701,100529239,21,52967.5,0,8,0.5,15.5,0,0,22,570,4852.5,11150.5,15831.5,17989,59,21,0,3,2,2
6156,94081,74.5,181391.5,0,27.5,0,15.5,0,0,75.5,1549.5,8037,12804,16548,18293,698.5,74.5,0,3,28,28
51318,6169,16,45736.5,0,12.5,0,16,0,0,17,992,4237,9051.5,13902,17067.5,116.5,16,0,3,8,8
51318,6208,36,5847.5,0,20,0,15.5,0,0,37,777.5,4562.5,9812,14158.5,17095,627,36,0,2,8,8
4141,10450,19,7070.5,0,12.5,0,15,0,0,20,765.5,6910.5,12412.5,16423,18204.5,69,19,0,4,1,1
4141,6617,9.5,22356,0,7,0,15,0,0,10.5,570.5,5479,11947,16299,18102,25.5,9.5,0,3,1,1
4141,100529239,7.5,4186.5,0,6,0.5,15.5,0,0,8.5,508.5,4832.5,11269,15877.5,17919,24.5,7.5,0,3,1,1
4141,7514,45,246478,0,15.5,0,14.5,0,0,46,2162.5,9091,14322,17364.5,18815,81,45,0,2,1,1
5706,100529239,25.5,11495,0,15,0.5,15.5,0,0,26.5,665.5,5340.5,11548,15985,18053,364,25.5,0,3,11,11
1436,27349,5,193,0,4.5,0.5,16.5,0,0,6,207,2710.5,8318,13452,16752.5,8.5,5,0,2,28,29
6119,6164,17,7995.5,0,11,0,15,0,0,18,783.5,6651.5,12035,16428.5,18396,39.5,17,0,3,30,31
6119,6241,17.5,8875.5,0,11,0,15,0,0,18.5,1203,7557,12466.5,16484,18360,40.5,17.5,0,3,30,31
6119,27229,19,8832,0,11,0,15.5,0,0,20,536,5460,11399,15871,18156,57.5,19,0,2,26,27
10204,93594,4,310.5,0,4,0,16,0,0,5,173.5,3296.5,10718.5,15395,17607.5,4,4,0,3,6,6
10204,6241,6.5,2777.5,0,6,0,15.5,0,0,7.5,852,5834.5,12021.5,16128,17999.5,4,6.5,0,2,6,6
10204,27229,8,2734,0,6,0,16,0,0,9,185,3737.5,10954,15515,17795.5,21,8,0,3,6,6
10204,6164,6,1897.5,0,6,0,15.5,0,0,7,432.5,4929,11590,16072.5,18035.5,3,6,0,3,6,6
10204,5701,33,39126.5,0,16.5,0,15.5,0,0,34,876,6363.5,12745.5,16494.5,18170,406.5,33,0,3,6,6
10204,8914,6,1409270.5,0,4.5,0,15.5,0,0,7,198.5,4317,11253.5,15992.5,18311.5,4.5,6,0,3,6,6
10204,10557,4,312.5,0,4,0,16,0,0,5,93,2430.5,9442,14520.5,17341.5,4,4,0,4,6,6
10204,8480,15,25735.5,0,8,0,15.5,0,0,16,590.5,5533,12497.5,16329,17944,14.5,15,0,3,6,6
10204,10419,33,149905,0,12,0,15.5,0,0,34,1271,6594,13077.5,16576.5,18241.5,67.5,33,0,4,6,6
10204,10450,14,3194,0,9,0,15.5,0,0,15,344,4815.5,11310,15781.5,17819.5,46,14,0,3,4,4
3832,84844,12.5,6373,0,10,0,15.5,0,0,13.5,385,4674,11214.5,15863.5,17937.5,34.5,12.5,0,4,2,2
3832,10204,5.5,2510,0,5.5,0,16,0,0,6.5,311,4171.5,11312,15790.5,17758,2.5,5.5,0,3,18,18
5710,8914,42.5,1550503.5,0,17,0,15,0,0,43.5,1229,7578,13217,16873.5,18998,387,42.5,0,3,12,12
5710,6135,85,169034,0,33,0,15,0,0,86,2135.5,9708,14940.5,17436.5,18905.5,1259,85,0,3,10,10
8888,10204,4,646.5,0,4,0,15.5,0,0,5,274,4493,11302,15813.5,17836.5,1.5,4,0,3,14,14
8888,6169,16.5,46073,0,13,0,15.5,0,0,17.5,1157,6683,11831,16175.5,18229.5,115.5,16.5,0,3,14,14
2625,3815,22.5,69727,0,14,0,15,0,0,23.5,794.5,6785.5,12101.5,16321.5,18349.5,41.5,22.5,0,3,8,8
26574,100529239,11,27818,0,9,0.5,15.5,0,0,12,734,5111.5,11116,15851.5,17998,14,11,0,3,3,3
5162,7167,18,41947,0,11,0,15.5,0,0,19,572,6742.5,12741,16369,18139.5,26.5,18,0,4,4,4
3309,84844,72.5,1578404.5,0,17,0,14.5,0,0,73.5,2229.5,8497,13595.5,16795,18516,251.5,72.5,0,5,2,2
3309,6169,78,1619968,0,21.5,0,15,0,0,79,3038.5,10184.5,14222,17084,18729.5,333.5,78,0,4,8,8
3309,9928,77.5,1602441,0,17.5,0,14.5,0,0,78.5,2588,10093,14414,17214.5,18699.5,229,77.5,0,4,8,8
3309,6164,67.5,1575819,0,14.5,0,14.5,0,0,68.5,2439,9449.5,14124,17099.5,18717,219.5,67.5,0,4,8,8
3309,27229,69.5,1576655.5,0,14.5,0,15,0,0,70.5,2191.5,8258,13488,16542,18477,237.5,69.5,0,4,8,8
3309,10204,65.5,1574541.5,0,12.5,0,15,0,0,66.5,2155.5,7994.5,13693,16722,18336.5,219.5,65.5,0,3,8,8
3309,6208,98,1580079,0,29,0,14.5,0,0,99,2824,10510,14982.5,17340.5,18757,844,98,0,4,8,8
3309,9039,65.5,1574305.5,0,12.5,0,15,0,0,66.5,2130,7626.5,13139,16332,18303.5,219.5,65.5,0,3,8,8
8697,84844,25.5,19868.5,0,14,0,15,0,0,26.5,468,5538.5,11718,16184,18080,121,25.5,0,4,2,2
8697,100529239,17,15695.5,0,8,0.5,15.5,0,0,18,332,4299.5,10823,15652,17779.5,87.5,17,0,2,14,14
84296,3309,68.5,1588419.5,0,13.5,0,14.5,0,0,69.5,2166.5,8554,13411.5,16447.5,18410.5,228.5,68.5,0,3,15,15
84296,6241,9.5,16655.5,0,7,0,15,0,0,10.5,863,6394,11740,15853.5,18073.5,13,9.5,0,3,15,15
84296,7514,43,256479.5,0,13,0,14.5,0,0,44,1752,7555.5,12938,16448.5,18504,67,43,0,3,15,15
8892,6499,4.5,9942,0,4,0,16,0,0,5.5,222,3629,9782,14407,17598,6.5,4.5,0,3,2,2
8892,51520,12,12773.5,0,8.5,0,16,0,0,13,542.5,6100,11897.5,16137.5,18282.5,32,12,0,4,5,6
8892,27085,5.5,11130,0,4.5,0,15.5,0,0,6.5,372.5,5249.5,11601.5,15995.5,18305,6.5,5.5,0,3,10,10
8892,1982,6,10159.5,0,5.5,0,16,0,0,7,461,6110,11855.5,16072.5,18312.5,7.5,6,0,3,5,5
8892,84246,26.5,26029,0,16.5,0,15.5,0,0,27.5,612,6037.5,12402,16546,18615.5,316,26.5,0,3,10,10
8892,6164,7.5,11529.5,0,7,0,15.5,0,0,8.5,569.5,6040.5,11873,16259,18446.5,7.5,7.5,0,2,10,10
8892,4695,12.5,15176.5,0,9.5,0,16,0,0,13.5,933.5,6205,11725,15922.5,18210.5,31,12.5,0,3,10,10
8892,6617,6,28111.5,0,4.5,0,15.5,0,0,7,286,4495.5,11127.5,15844,18128,7,6,0,3,10,10
8892,3832,7,12142,0,6.5,0,16,0,0,8,448,5283,11595,15977,18169,7,7,0,3,8,8
8892,2671,6,12448.5,0,5,0,15.5,0,0,7,388,5521,11498.5,15877,18225,6.5,6,0,3,2,2
8892,5707,30,46766.5,0,17.5,0,15.5,0,0,31,835,7213.5,12950,16649.5,18704,362.5,30,0,3,1,1
8892,54908,5.5,10078.5,0,5,0,16,0,0,6.5,306,4593.5,10998,15266.5,17992.5,6,5.5,0,3,3,3
8892,50628,14.5,18253.5,0,9.5,0,15.5,0,0,15.5,688.5,6321,11936,16233,18399,38.5,14.5,0,2,10,10
996,6617,32,136315.5,0,10.5,0,15,0,0,33,841.5,6031.5,12139,16402.5,18273.5,137,32,0,3,19,19
996,56993,43,132844.5,0,17.5,0,15.5,0,0,44,1079,7649.5,12789,16580.5,18473,170,43,0,4,2,2
996,4695,38.5,123380.5,0,15.5,0,15.5,0,0,39.5,1489,7741,12736.5,16481,18356,161,38.5,0,3,17,17
996,27085,31.5,119334,0,10.5,0,15,0,0,32.5,928,6785.5,12613,16554,18450.5,136.5,31.5,0,3,11,11
996,6137,64,193328,0,27.5,0,15,0,0,65,1710.5,8902.5,14206.5,17288.5,18795.5,717.5,64,0,3,12,12
6241,23020,33.5,22145.5,0,14,0,15,0,0,34.5,1734,8486.5,12879.5,16703,18433.5,194,33.5,0,3,22,22
6241,27183,8,3640.5,0,6.5,0,15.5,0,0,9,795.5,4944,10296.5,14423,17273,5.5,8,0,3,20,20
6241,6637,13.5,3419,0,10.5,0,15,0,0,14.5,982,6735.5,12025.5,16146.5,18073.5,35,13.5,0,2,22,22
10556,100529239,4,19818.5,0,3,0.5,15.5,0,0,5,319,3830,10395,15426,17680,3,4,0,2,14,14
55814,6208,35,5847.5,0,19,0.5,16,0,0,36,745,4256.5,6897,9181,13371,626,35,0,2,36,38
55814,8914,4.5,1408960.5,0,3,0.5,16,0,0,5.5,126,2584,5702,8860,13607,3,4.5,0,3,12,12
55814,55143,6,2815.5,0,5.5,0.5,16,0,0,7,373,3247.5,6497,9103.5,13294.5,5.5,6,0,2,16,16
55814,8487,9,5280,0,6,0.5,16,0,0,10,149.5,2267.5,5564,8513.5,13133,32.5,9,0,3,8,8
55814,6164,4.5,1587.5,0,4.5,0.5,16,0,0,5.5,360,3196,6038.5,8940,13331,1.5,4.5,0,3,49,49
55814,10450,12.5,2884,0,7.5,0.5,16,0,0,13.5,271.5,3082.5,5758.5,8649,13115,44.5,12.5,0,3,4,4
55814,11113,5,2519.5,0,4.5,0.5,16.5,0,0,6,301,3275.5,5940,8721.5,13141.5,2.5,5,0,3,32,35
55814,5424,7.5,7789,0,5,0.5,16,0,0,8.5,467,3662,6291.5,9072.5,13287,9.5,7.5,0,2,49,49
55814,9416,16,12894.5,0,9.5,0.5,16,0,0,17,529,3625.5,6106.5,8940,13323,70,16,0,2,49,49
55814,4144,4.5,27897,0,3,0.5,16,0,0,5.5,452.5,3346,6182,8986.5,13322,1,4.5,0,3,10,10
55814,27229,6.5,2424,0,4.5,0.5,16.5,0,0,7.5,112.5,2004.5,5402.5,8382.5,13091,19.5,6.5,0,3,26,27
55814,8881,17,33934,0,8,0.5,15.5,0,0,18,449,3526.5,6377.5,9105.5,13425.5,98.5,17,0,2,49,49
55814,10436,2,25.5,0,2,0.5,16.5,0,0,3,97,1466,5091,8249,12942.5,0.5,2,0,2,20,21
55814,197370,4,136,0,3.5,0.5,16.5,0,0,5,11.5,194.5,2622.5,6638.5,12294.5,6.5,4,0,2,22,22
55814,5984,10.5,9180.5,0,7,0.5,16,0,0,11.5,665.5,3943,6268.5,9036,13296,31.5,10.5,0,2,49,49
55814,5422,7.5,22838,0,5.5,0.5,16,0,0,8.5,861,4065.5,6608.5,9185.5,13410,11.5,7.5,0,3,8,8
55814,10540,17,27321,0,7,0.5,16,0,0,18,456.5,3578,6165,8897,13275,44,17,0,2,24,24
55814,100529239,1,0,0,1,1,16.5,0,0,2,14.5,1004.5,4615,8103.5,12829.5,0,1,0,3,14,14
55814,29980,1.5,0,0,1.5,0.5,16,0,0,2.5,56.5,1775.5,5086,7630,12877.5,0.5,1.5,0,2,47,47
10969,100529239,16,26487,0,9.5,0.5,15.5,0,0,17,561.5,4700.5,10976,15804,17952,49,16,0,3,14,14
51164,6241,13,5218.5,0,8.5,0,15.5,0,0,14,911,6264.5,11870.5,16082.5,18074,32.5,13,0,2,40,40
80777,6169,22,88712,0,17.5,0,15.5,0,0,23,1808,7898.5,13176.5,16687.5,18482.5,126.5,22,0,3,13,13
80777,9928,21.5,71185,0,13.5,0,15,0,0,22.5,1357.5,7807,13368.5,16818,18452.5,22,21.5,0,3,10,10
80777,10436,9,43001,0,8,0,15.5,0,0,10,945.5,5433.5,12131,16012,18081.5,11.5,9,0,2,13,13
80777,9416,23,55870,0,15.5,0,15,0,0,24,1377.5,7593,13146.5,16703,18462,81,23,0,3,13,13
80777,5424,14.5,50764.5,0,11,0,15,0,0,15.5,1315.5,7629.5,13331.5,16835.5,18426,20.5,14.5,0,3,13,13
80777,51010,16.5,44019,0,13,0,15.5,0,0,17.5,890.5,5166.5,11806,15745.5,17926,64,16.5,0,4,4,4
80777,4141,14.5,47162,0,12,0,15,0,0,15.5,1346.5,7803.5,13750,16967,18474.5,35.5,14.5,0,3,13,13
80777,6164,11.5,44563,0,10.5,0,15,0,0,12.5,1208.5,7163.5,13078.5,16703,18470,12.5,11.5,0,3,13,13
80777,8892,11,52917.5,0,9.5,0,15.5,0,0,12,1062,6820,12930.5,16512,18500.5,17,11,0,3,13,13
54780,6169,18,47249,0,14,0,16,0,0,19,977.5,4408,10092,15121,17819,120,18,0,3,17,17
1786,10135,29.5,88225,0,12.5,0,15.5,0,0,30.5,1278.5,6574,12809.5,16368.5,18225.5,149.5,29.5,0,2,73,73
1786,7372,28,87279.5,0.5,11,0.5,8,0,0,29,1205.5,4809,7582.5,8804.5,9567,149,28,0,3,4,4
1786,6241,32,89747,0,14.5,0,15,0,0,33,1982,8905.5,14023.5,17084,18738,151.5,32,0,2,56,56
537,83540,13,16338,0,9,0,16,0,0,14,945.5,5334,11208,15533,17827,32.5,13,0,2,51,51
537,6164,9,2234.5,0,8.5,0,15.5,0,0,10,1157,6617,11934.5,16171,18208.5,10,9,0,2,53,53
537,84844,14,4820,0,11,0,15.5,0,0,15,947.5,5664.5,11406,15866.5,18007.5,42,14,0,3,2,2
537,23020,34,20325,0,14.5,0,15.5,0,0,35,1755.5,7814,12361.5,16368.5,18262,200,34,0,3,22,22
537,54908,7,783.5,0,6.5,0,16,0,0,8,893.5,5170,11059.5,15178.5,17754.5,8.5,7,0,3,3,3
9318,51010,35,164079,0,16.5,0,15,0,0,36,807.5,5280,11201.5,15741.5,18091.5,165.5,35,0,4,4,4
9801,5422,17,23539.5,0,12.5,0,15.5,0,0,18,1041.5,5955.5,11916,16131,18091,75,17,0,3,8,8
9801,5424,17,8490.5,0,12,0,15.5,0,0,18,647.5,5552,11599,16018,17968,73,17,0,2,8,8
9801,6169,24.5,46438,0,18.5,0,16,0,0,25.5,1140,5821,11444,15870,18024.5,179,24.5,0,3,8,8
9801,84844,19,4874.5,0,14,0,15.5,0,0,20,331,4133.5,10817.5,15581,17811,97,19,0,4,2,2
9801,6208,44.5,6549,0,26,0,15.5,0,0,45.5,925.5,6146.5,12204.5,16126.5,18052,689.5,44.5,0,3,8,8
5230,100529239,11,8343.5,0,8.5,0.5,15.5,0,0,12,652,5211,11616,15884.5,17964,18.5,11,0,3,6,6
662,6164,7,1687.5,0,7,0,15.5,0,0,8,1096.5,6461,11881,16129.5,18199,4,7,0,2,18,18
662,6617,5.5,18269.5,0,4.5,0,15.5,0,0,6.5,813,4916,11135.5,15714.5,17880.5,3.5,5.5,0,2,18,18
662,4695,12,5334.5,0,9.5,0,16,0,0,13,1460.5,6625.5,11733,15793,17963,27.5,12,0,3,17,17
662,25764,10.5,16716,0,8,0,15.5,0,0,11.5,1076.5,6958,11972.5,16022,18140.5,6.5,10.5,0,3,18,18
29074,10204,18.5,4008,0,9.5,0,16,0,0,19.5,236.5,4048.5,11045,15544.5,17648,111.5,18.5,0,2,30,31
672,841,166.5,1462433.5,0,19,0,15,0,0,167.5,2915.5,9919.5,14420,17334.5,18984,828,166.5,0,4,5,5
1973,51010,24,27569,0,14.5,0,15.5,0,0,25,1410.5,5715,11561,15816,18006,92,24,0,3,4,4
1973,9039,17,26599.5,0,10,0,15.5,0,0,18,1419.5,5889,11848.5,16006,18136.5,40.5,17,0,4,11,11
2193,9349,36.5,58981.5,0,21.5,0,15,0,0,37.5,1238.5,7670,13793.5,17020.5,18633.5,637.5,36.5,0,3,3,3
2193,6117,45.5,194010.5,0,13,0,15,0,0,46.5,1532,8018.5,13930.5,17156.5,18608,164,45.5,0,4,1,1
2193,197370,7,2634.5,0,6,0,15.5,0,0,8,380.5,3400.5,9062.5,14334,17369.5,7,7,0,3,3,3
2193,5422,10.5,25336.5,0,8,0,15,0,0,11.5,1230,7271.5,13048.5,16881,18485,12,10.5,0,4,3,3
2193,84844,12.5,6671.5,0,9.5,0,15,0,0,13.5,519.5,5449.5,11950,16331,18205,34,12.5,0,2,2,2
2193,6164,7.5,4086,0,7,0,15,0,0,8.5,729,6402,12478.5,16635.5,18406,2,7.5,0,3,3,3
1778,6241,21,107620.5,0,11,0,15,0,0,22,1521,8376.5,13724,16958,18519.5,40,21,0,3,33,33
1778,2671,19,107659.5,0,9,0,15,0,0,20,920,6951.5,12918,16520.5,18334,38,19,0,3,2,2
6122,6617,43,40070.5,0,20,0,15,0,0,44,974,6098.5,12618,16483.5,18255.5,732.5,43,0,4,3,3
440574,100529239,3,47.5,0,3,0.5,16,0,0,4,69,3173,9982.5,15002,17509.5,0.5,3,0,4,6,6
8289,7248,27.5,27690.5,0,16.5,0,15,0,0,28.5,1303,8243.5,13514,16962.5,18498,127,27.5,0,3,3,3
8289,8242,18.5,10872.5,0,12,0,15,0,0,19.5,742,5618.5,12249,16342.5,18175,116.5,18.5,0,3,23,24
1938,3614,10.5,34911.5,0,8.5,0,14.5,0,0,11.5,861.5,6229,12548,16287.5,18214.5,9.5,10.5,0,3,11,11
80306,6117,65,282386.5,0,23.5,0,15,0,0,66,1491.5,7902,13376,16875,18696,453,65,0,3,1,1
9512,100529239,11.5,14049,0,5.5,0.5,16,0,0,12.5,486.5,3974.5,10404.5,15275,17692,16,11.5,0,2,14,14
9512,6241,15.5,16516.5,0,9,0,15.5,0,0,16.5,1251.5,7071.5,12259.5,16167,18157.5,18.5,15.5,0,2,24,24
9512,6169,25.5,59785.5,0,16,0,16,0,0,26.5,1431.5,6901,11926,16096,18206,131.5,25.5,0,3,17,17
9793,10436,7,2670.5,0,5.5,0,15.5,0,0,8,338.5,4616.5,10960.5,15578,17885.5,3.5,7,0,3,20,21
9793,9349,38.5,59128,0,22.5,0,15,0,0,39.5,1111,7614.5,13223,16654,18501.5,640,38.5,0,3,32,35
9793,29980,6.5,2645,0,5,0,15,0,0,7.5,298,4926,10955.5,14959,17820.5,3.5,6.5,0,3,32,35
9793,197370,9,2781,0,7,0,15.5,0,0,10,253,3345,8492,13967.5,17237.5,9.5,9,0,3,22,22
9793,10540,22,29966,0,10.5,0,15,0,0,23,698,6728.5,12034.5,16226,18218,47,22,0,2,24,24
9793,6432,22.5,10529,0,13.5,0,15,0,0,23.5,932,6868,12516.5,16384,18134.5,73,22.5,0,2,27,27
9793,8487,14,7925,0,9.5,0,15,0,0,15,391,5418,11433.5,15842.5,18076,35.5,14,0,3,8,8
9793,5520,19,14784,0,10.5,0,15,0,0,20,637.5,6746.5,11984,16288.5,18255.5,29,19,0,4,8,8
9793,10450,17.5,5529,0,11,0,15,0,0,18.5,513,6233,11628,15978,18058,47.5,17.5,0,3,4,4
9793,6164,9.5,4232.5,0,8,0,15,0,0,10.5,601.5,6346.5,11908,16269,18274,4.5,9.5,0,2,32,35
9793,1615,13.5,11458.5,0,9.5,0,15.5,0,0,14.5,424,5987.5,11687,15991.5,18013,28.5,13.5,0,2,17,17
9793,27229,11.5,5069,0,8,0,15.5,0,0,12.5,354,5155,11272,15711.5,18034,22.5,11.5,0,3,26,27
9793,153527,7.5,3604.5,0,6,0,15,0,0,8.5,505,6196.5,12015.5,16327.5,18191.5,3.5,7.5,0,3,8,8
9793,6169,20,48381.5,0,15,0,15.5,0,0,21,1201,7081.5,12006,16253.5,18286.5,118.5,20,0,3,17,17
9793,8914,9.5,1411605.5,0,6.5,0,15,0,0,10.5,367.5,5734.5,11571.5,16189,18550,6,9.5,0,3,12,12
9793,4144,9.5,30542,0,6.5,0,15,0,0,10.5,694,6496.5,12051.5,16315.5,18265,4,9.5,0,3,10,10
9793,84296,10.5,16833,0,7,0,15,0,0,11.5,329,5451,11195.5,15617,17967.5,13.5,10.5,0,4,4,4
9793,2671,8,5151.5,0,6,0,15,0,0,9,420,5827,11533.5,15887,18052.5,3.5,8,0,3,2,2
9793,83540,13.5,18336,0,8.5,0,15.5,0,0,14.5,390,5063.5,11181.5,15631,17892.5,27,13.5,0,3,32,35
9793,84844,14.5,6818,0,10.5,0,15,0,0,15.5,392,5394,11379.5,15964.5,18073,36.5,14.5,0,3,2,2
9793,51747,8,2901.5,0,6.5,0,15.5,0,0,9,390.5,4767.5,11130.5,15748,17880.5,6,8,0,3,10,10
9793,6208,40,8492.5,0,22.5,0,15,0,0,41,986.5,7407,12766.5,16510,18314,629,40,0,3,32,35
9793,9928,19.5,30854.5,0,11,0,15,0,0,20.5,750.5,6990,12198,16384,18256.5,14,19.5,0,3,10,10
29980,51318,2.5,0,0,2.5,0,15.5,0,0,3.5,89,2081.5,8001,12607.5,16601.5,1.5,2.5,0,4,2,2
29980,65003,21.5,38650,0,8.5,0,15,0,0,22.5,358.5,4395,10677,14793,17741.5,120.5,21.5,0,4,2,2
29980,54962,3.5,17924,0,3,0,15,0,0,4.5,125,3278,10185.5,14657,17864,1,3.5,0,3,2,2
29980,5718,24.5,37025,0,15.5,0,15,0,0,25.5,731,6005,12096,15549,18113.5,324,24.5,0,3,2,2
29980,10204,3,310,0,3,0,15.5,0,0,4,129,3508.5,10637.5,14762.5,17582,2,3,0,3,2,2
29980,5422,8,22838,0,6,0,15,0,0,9,913.5,5833,11638.5,15385.5,18041.5,12,8,0,3,2,2
29980,117246,20.5,15622.5,0,11.5,0,15,0,0,21.5,874.5,5907,11873.5,15452,18065.5,96.5,20.5,0,4,2,2
29980,6164,5,1587.5,0,5,0,15,0,0,6,412.5,4963.5,11068.5,15140,17962.5,2,5,0,3,2,2
29980,10556,4.5,19818.5,0,3.5,0,15,0,0,5.5,361,4601,10866,14952.5,17728,3.5,4.5,0,3,2,2
29980,80789,6.5,24671.5,0,3.5,0,15,0,0,7.5,135,3673.5,10483,14667.5,17598,5,6.5,0,4,2,2
29980,28998,20.5,4764.5,0,8.5,0,15,0,0,21.5,203,3913.5,10454.5,14615,17587.5,140.5,20.5,0,4,2,2
29980,84844,10,4173,0,7.5,0,15,0,0,11,203,4011,10540,14835.5,17761.5,34,10,0,5,2,2
29980,81608,9,5665.5,0,6.5,0,15,0,0,10,576.5,5468,11177,15166.5,17969,16,9,0,3,2,2
29980,440145,6.5,351.5,0,5,0,15.5,0,0,7.5,89,3027.5,9887,14041.5,17418,20,6.5,0,4,2,2
29980,10450,13,2884,0,8,0,15,0,0,14,324,4850,10788.5,14849,17746.5,45,13,0,4,2,2
29980,2671,3.5,2506.5,0,3,0,15,0,0,4.5,231,4444,10694,14758,17741,1,3.5,0,4,2,2
29980,27085,3,1188,0,2.5,0,15,0,0,4,215.5,4172.5,10797,14876.5,17821,1,3,0,3,2,2
29980,8667,17,21121.5,0,8,0,15,0,0,18,749,6181,12473.5,15526,18097,71,17,0,3,2,2
29980,54908,3,136.5,0,3,0,15.5,0,0,4,149,3516.5,10193.5,14147.5,17508.5,0.5,3,0,4,2,2
29980,10054,5.5,6868.5,0,5,0,15,0,0,6.5,860,5878.5,12058,15360.5,17978,3.5,5.5,0,3,2,2
29980,9439,24,102337,0,14.5,0,14.5,0,0,25,682.5,5646,11768.5,15541.5,18300.5,251,24,0,4,2,2
11128,6169,30,51387,0,20,0,15.5,0,0,31,1197.5,6963.5,11988.5,16336,18287,231.5,30,0,4,2,2
10419,9349,64,206078,0,28.5,0,15,0,0,65,2064,9317,14823.5,17339,18849.5,703,64,0,2,11,11
4695,10204,11,5544.5,0,8.5,0,16,0,0,12,796.5,5093.5,11442,15736,17799.5,26.5,11,0,3,1,1
4695,5431,34,22694,0,16,0,15.5,0,0,35,1531.5,7601.5,12663,16453,18283.5,190,34,0,4,1,1
4695,6135,55.5,32725.5,0,25,0,15.5,0,0,56.5,1752.5,8066.5,13260,16596.5,18363.5,900,55.5,0,4,1,1
4695,23020,38,24912.5,0,16.5,0,15.5,0,0,39,1678.5,7745.5,12300,16311,18233.5,216.5,38,0,3,1,1
4695,84844,18,9407.5,0,13,0,15.5,0,0,19,870.5,5596,11344.5,15809,17979,58.5,18,0,4,1,1
4695,5424,16,13023.5,0,11,0,15.5,0,0,17,1187,7014.5,12126,16246,18136,34.5,16,0,4,1,1
4695,6169,23.5,50971,0,17.5,0,16,0,0,24.5,1679.5,7283.5,11971,16098,18192.5,140.5,23.5,0,3,1,1
4695,6117,51,196746.5,0,16.5,0,15.5,0,0,52,1883,8165,13325,16634.5,18382,188.5,51,0,5,1,1
4695,83540,17,20925.5,0,11,0,16,0,0,18,868.5,5265.5,11146.5,15475.5,17798.5,49,17,0,4,1,1
4695,9349,42,61717.5,0,25,0,15.5,0,0,43,1589.5,7816.5,13188,16498.5,18407.5,662,42,0,3,1,1
4695,54908,11,5371,0,8.5,0,16,0,0,12,816.5,5101.5,10998,15121,17726,25,11,0,4,1,1
4695,6156,42,14865.5,0,25,0,15.5,0,0,43,1237,7170,12472.5,16243.5,18147.5,616.5,42,0,4,1,1
63931,6169,24,46844.5,0,19,0,16,0,0,25,1231,6340,11517,15816,18057.5,153.5,24,0,5,1,1
63931,6117,51.5,192620,0,18,0,15.5,0,0,52.5,1434.5,7221.5,12871,16352.5,18247,201.5,51.5,0,6,1,1
63931,6164,13.5,2695.5,0,12,0,15.5,0,0,14.5,631.5,5605,11419,15831.5,18045,39.5,13.5,0,4,1,1
5558,6617,6.5,19079.5,0,5,0,15.5,0,0,7.5,629,4841.5,11135,15712,17854,6.5,6.5,0,3,8,8
83460,6164,7,2330,0,6.5,0,15.5,0,0,8,891.5,6243,11771.5,16028,18142.5,6.5,7,0,3,16,16
83460,84844,12,4915.5,0,9,0,15.5,0,0,13,682,5290.5,11243,15723.5,17941.5,38.5,12,0,4,2,2
4682,6617,3,18169.5,0,2,0.5,16,0,0,4,77,1759.5,7383.5,13232.5,16515.5,1,3,0,2,35,36
4682,55703,12.5,1231,0,8.5,0.5,16,0,0,13.5,145,2594,7690,13221,16517.5,87,12.5,0,2,52,52
6155,6728,20.5,2219.5,0,17.5,0,15,0,0,21.5,640.5,6163,12596,16077,18116,217,20.5,0,2,43,46
6164,51699,8.5,2683.5,0,7.5,0,15.5,0,0,9.5,401,4667.5,10876.5,15465.5,17867,6,8.5,0,3,34,34
6164,56993,17.5,16286,0,12.5,0,15.5,0,0,18.5,670,6457,11925.5,16213,18297,35.5,17.5,0,3,2,2
6164,54908,6,1724,0,6,0,15.5,0,0,7,452.5,4937,11146,15457.5,17962,1.5,6,0,3,3,3
6164,6617,6.5,19757,0,5.5,0,15,0,0,7.5,432.5,4839,11275.5,16035,18097.5,2.5,6.5,0,3,35,36
6164,84447,23,62461,0,11.5,0,15,0,0,24,988.5,7627.5,13325,16753.5,18434.5,33,23,0,3,7,7
6164,8914,8,1410548,0,6.5,0,15,0,0,9,482,5772,11684.5,16370,18692,4.5,8,0,2,12,12
6164,93594,6,1588,0,6,0,15.5,0,0,7,457,4751.5,11149.5,15772.5,17988,4,6,0,2,52,53
6164,81929,11,2631.5,0,8,0,15.5,0,0,12,396,4590.5,10841,15689,17902,24.5,11,0,2,38,40
8242,5604,16.5,34713,0,11,0,15,0,0,17.5,808,5766.5,12240.5,16250,18160,32.5,16.5,0,3,11,11
5718,9039,25.5,37099,0,16.5,0,15.5,0,0,26.5,725.5,5602.5,12063.5,16091.5,18153.5,325,25.5,0,2,11,11
5718,6117,65.5,228537,0,24.5,0,15,0,0,66.5,1837.5,9042,14500.5,17380,18769,487,65.5,0,3,1,1
5718,6169,38,82761.5,0,25.5,0,15.5,0,0,39,1634,8160.5,13146.5,16843.5,18579.5,439,38,0,3,17,17
54908,27229,8,2560.5,0,6,0,16,0,0,9,205,3745.5,10510,14900,17722,19.5,8,0,4,2,2
54908,7514,40,242428,0,12,0,15,0,0,41,1761,7004,12775.5,16108,18356.5,56.5,40,0,4,2,2
10238,6169,38,104030,0,20,0,15.5,0,0,39,1417,7634,12310.5,16524.5,18454.5,180,38,0,3,17,17
57703,7514,40.5,254792.5,0,11.5,0,14.5,0,0,41.5,1738.5,7246,12651,16174,18378.5,57,40.5,0,3,22,22
57703,8892,6,22443,0,4.5,0,15.5,0,0,7,283.5,4835.5,10873.5,15332.5,18014.5,6.5,6,0,3,22,22
57703,4695,11.5,17735.5,0,8,0,15.5,0,0,12.5,794,5343.5,10873.5,15187,17748,25.5,11.5,0,3,17,17
57703,4144,6.5,40398,0,4,0,15,0,0,7.5,522.5,5329,11165,15570,17975,1.5,6.5,0,3,10,10
57703,4666,8,16693.5,0,5.5,0,15,0,0,9,338,5101.5,11105.5,15447,17919.5,2.5,8,0,3,22,22
57703,10054,7,19369.5,0,5.5,0,15,0,0,8,877.5,6094,12011,15744,17999.5,3.5,7,0,4,7,7
57703,29980,3.5,12501,0,2.5,0,15,0,0,4.5,126.5,3758.5,10069,14213.5,17530.5,1,3.5,0,3,22,22
57703,6617,5,30670.5,0,3,0,15,0,0,6,146.5,3634,10276,15108.5,17665.5,1.5,5,0,3,22,22
4779,100529239,5,1678,0,4,0.5,15.5,0,0,6,295,4011.5,10509,15403,17839,3,5,0,3,5,5
25957,100529239,1,0,0,1,1,16,0,0,2,29.5,1612.5,8560,13559,17012,0,1,0,3,14,14
5859,100529239,8,1013,0,6,0.5,16,0,0,9,182.5,3972.5,10528,15439,17773,27,8,0,3,14,14
2671,10204,4.5,2816.5,0,4,0,15.5,0,0,5.5,251,4409.5,11215.5,15690.5,17814,2,4.5,0,3,129,135
2671,4702,10.5,4140.5,0,8.5,0,15.5,0,0,11.5,367,5237.5,11090.5,15364.5,17782,24,10.5,0,2,35,35
2671,2968,10.5,4317.5,0,7.5,0,15,0,0,11.5,338.5,4706.5,11080,15739.5,17932,24,10.5,0,2,16,17
2671,6132,35.5,10440,0,20.5,0,15,0,0,36.5,1111,7291,13008,16528,18361.5,573.5,35.5,0,3,25,27
2671,51021,10.5,15373,0,9.5,0,15.5,0,0,11.5,399,5170.5,11120,15570.5,17963,28,10.5,0,2,10,10
2671,6617,5,20676,0,3.5,0,15,0,0,6,251,4319.5,10901,15653,17876,1.5,5,0,2,35,36
2671,84154,7,2903.5,0,6,0,15.5,0,0,8,437,5141.5,11154.5,15680,17827.5,7,7,0,3,1,1
2671,6208,37,8354,0,20.5,0,15,0,0,38,919.5,6925,12505,16309,18234.5,626.5,37,0,2,36,38
2671,6181,21.5,10592,0,17.5,0,15,0,0,22.5,572.5,6288.5,12147.5,16197,18239.5,255,21.5,0,3,15,15
2671,3309,66,1576738,0,12.5,0,14.5,0,0,67,2257.5,8930,13749.5,16717.5,18495.5,218.5,66,0,3,19,19
2671,51699,7,3602.5,0,5.5,0,15.5,0,0,8,219.5,4148,10502,15083.5,17645.5,5,7,0,3,34,34
2671,5701,33.5,41323,0,16.5,0,15,0,0,34.5,978,7299,12802,16490,18329,405.5,33.5,0,2,18,18
2671,6125,47,92297,0,20.5,0,15,0,0,48,1070.5,7309,13026.5,16480.5,18403,858,47,0,3,3,3
2671,55090,21.5,2827.5,0,15.5,0,15,0,0,22.5,338.5,4907.5,11185.5,15761.5,18050.5,255.5,21.5,0,3,3,3
2671,6901,4.5,3159,0,4,0,15.5,0,0,5.5,349,5013.5,11280,15665,18043,1,4.5,0,3,3,3
84246,6208,57.5,21934.5,0,32,0,15,0,0,58.5,1143.5,7441.5,13408.5,16978,18625,936,57.5,0,4,3,3
84246,6164,27,17674.5,0,17.5,0,15,0,0,28,758.5,6381,12550,16737,18585,311.5,27,0,3,3,3
84246,84844,32,20260,0,20,0,15,0,0,33,549,5428.5,12021.5,16432.5,18384,343.5,32,0,4,2,2
84246,100529239,23.5,16087,0,14,0.5,15.5,0,0,24.5,413,4189.5,11126.5,15900.5,18083.5,310,23.5,0,4,3,3
84246,6169,37.5,61823.5,0,24.5,0,15.5,0,0,38.5,1358,7116,12648,16721.5,18597.5,425.5,37.5,0,3,3,3
4686,6117,52,197578,0,16,0,15,0,0,53,1529.5,8007,13307,16696.5,18438.5,175.5,52,0,3,1,1
118460,6117,50.5,192336,0,16.5,0,15.5,0,0,51.5,1283.5,6485.5,12672.5,16453.5,18185,211.5,50.5,0,3,1,1
1956,7248,197,3439702,0,17.5,0,15,0,0,198,3298,9830,14210.5,17365,18906,809.5,197,0,3,3,3
1956,5728,247,3694511.5,0,21,0,15,0,0,248,4114.5,11024,15557,17732,19114,947.5,247,0,2,17,17
1956,142,254.5,3715077,0,21,0,14.5,0,0,255.5,4374,11123.5,15708.5,17967,19403.5,1103.5,254.5,0,2,17,17
1956,27349,186,3422576.5,0,11,0.5,16,0,0,187,2679,6017,10444.5,14535,17445,798.5,186,0,3,17,17
1956,3320,322.5,6474920.5,0,21,0,15,0,0,323.5,5035,12216.5,16145,18110,19424,1364.5,322.5,0,2,17,17
1956,5925,256,5879280.5,0,21,0,14.5,0,0,257,4303,11056,15756.5,17940.5,19352,1073.5,256,0,3,17,17
2064,4292,68,294856,0,17.5,0,15,0,0,69,1993,9075.5,13624,17055.5,18706.5,207.5,68,0,3,3,3
2064,7157,330,12081928,0,24.5,0,14.5,0.5,0.5,331,4674.5,11788,15667,17794.5,19272,2162.5,330,0,3,3,3
2968,6117,50,193323,0,15.5,0,15,0,0,51,1323,6842.5,12906.5,16642.5,18355.5,187,50,0,3,1,1
11222,84844,20,4882,0,14,0,15.5,0,0,21,288,4020,10542.5,15131.5,17678,90.5,20,0,3,2,2
27085,6169,16.5,46924.5,0,12.5,0,15.5,0,0,17.5,1118.5,6328,11847.5,16171,18287,116,16.5,0,4,5,5
27085,6164,6,2775.5,0,5.5,0,15,0,0,7,519,5593,11749.5,16186.5,18274.5,2,6,0,3,5,5
27085,7372,2.5,1188,0.5,2,0.5,8,0,0,3.5,162,2402,5740,7962.5,9067.5,0.5,2.5,0,4,4,4
27085,23020,31,20866,0,11.5,0,15,0,0,32,1117.5,6790,12176.5,16384,18328,192,31,0,3,5,5
27085,84844,11,5361,0,8,0,15,0,0,12,309.5,4640.5,11221,15882,18073.5,34,11,0,4,2,2
27085,6208,36.5,7035.5,0,20,0,15,0,0,37.5,904,6653.5,12608,16427.5,18314.5,626.5,36.5,0,3,5,5
55082,6208,36.5,5885.5,0,20.5,0,15,0,0,37.5,868,5934.5,12025,16155.5,18072,626.5,36.5,0,3,6,6
5985,6169,25,64570,0,17.5,0,15.5,0,0,26,1527.5,7700.5,12321,16524.5,18405.5,144.5,25,0,2,17,17
5985,27229,16.5,21257.5,0,10.5,0,15.5,0,0,17.5,680.5,5774,11587,15982.5,18153,48.5,16.5,0,3,22,22
5985,6208,45,24681,0,25,0,15,0,0,46,1313,8026,13081.5,16781,18433,655,45,0,3,22,22
3065,81631,185.5,1962782.5,0,19.5,0,14.5,0,0,186.5,2852,10263.5,15437.5,17765.5,19264,1123.5,185.5,0,5,2,2
10054,6499,5.5,6868.5,0,5,0,15.5,0,0,6.5,816,4887.5,10919.5,14818.5,17583,3.5,5.5,0,4,2,2
64965,6164,18.5,22804,0,12,0,15,0,0,19.5,924.5,6758,12261,16572.5,18394.5,95,18.5,0,2,19,19
25814,51010,13,3949,0,9.5,0,15.5,0,0,14,570,5277.5,11018.5,15609,17883,54,13,0,4,4,4
9221,100529239,12.5,12043,0,8.5,0.5,15.5,0,0,13.5,1085,5322,10896,15747.5,18003,22.5,12.5,0,3,14,14
10450,7514,50,245175.5,0,17,0,14.5,0,0,51,1936,8337.5,13370.5,16809.5,18594.5,101,50,0,2,74,79
10450,5707,38.5,39708.5,0,21.5,0,15,0,0,39.5,893,7443.5,12818,16549.5,18457.5,401,38.5,0,3,1,1
10450,5706,37,14379,0,21.5,0,15,0,0,38,922.5,7418.5,12691.5,16530.5,18338.5,408.5,37,0,2,20,20
10450,100529239,12.5,2884,0,7.5,0.5,15.5,0,0,13.5,282,4079,10317.5,15322.5,17698.5,44.5,12.5,0,2,14,14
10450,56993,25.5,17582.5,0,15.5,0,15.5,0,0,26.5,581.5,6343.5,11645.5,15922,18081,78.5,25.5,0,2,2,2
1999,2064,50.5,199849.5,0,14,0,14.5,0,0,51.5,1652.5,8243,13294,16906,18781.5,181,50.5,0,2,17,17
5701,9349,64,95299.5,0,33,0,15,0,0,65,1669,9086.5,14491.5,17257,18778,1042,64,0,2,15,15
5701,6117,73,230328.5,0,24.5,0,15,0,0,74,1962.5,9435,14628.5,17393,18752.5,568.5,73,0,4,1,1
7225,4245,3,43294.5,0,1.5,0.5,16,0,0,4,193.5,2283,9648,14065,17148,0.5,3,0,4,7,7
999,1956,206.5,3505867.5,0,19.5,0,15,0,0,207.5,3779.5,10555.5,15327,17834,19289,834.5,206.5,0,2,18,18
197370,5707,30,36960.5,0,17.5,0,15.5,0,0,31,633,4555.5,9682,14539,17637,363,30,0,5,1,1
80789,6432,22.5,32555.5,0,12,0,15,0,0,23.5,769,5615.5,12044,16092.5,17912,74.5,22.5,0,3,27,27
80789,6169,20,70408,0,13.5,0,15.5,0,0,21,1038,5829,11533.5,15962,18064,120,20,0,3,17,17
51010,10204,11,1353.5,0,8.5,0,16,0,0,12,114.5,2932,10317.5,15115,17491.5,54.5,11,0,2,45,45
51010,4149,31.5,54065.5,0,15,0,15,0,0,32.5,699.5,4935,11799,15878,18042.5,133,31.5,0,3,36,36
51010,5707,35.5,37868,0,21,0,15.5,0,0,36.5,663.5,5560,11825.5,15883,18129.5,409.5,35.5,0,3,1,1
51010,29928,9.5,1043.5,0,7,0.5,16.5,0,0,10.5,42.5,1314.5,7096,13019,16626.5,53,9.5,0,3,2,2
51010,27085,11,2231.5,0,8,0,15.5,0,0,12,201,3596,10477,15229,17730.5,53.5,11,0,2,11,11
51010,93594,11,1044,0,8.5,0,16,0,0,12,139,2754.5,9877,14815,17444,55.5,11,0,3,45,45
51010,50628,20,9355,0,13,0,15.5,0,0,21,517,4667.5,10811.5,15466.5,17824.5,85.5,20,0,2,45,45
51010,9147,10,1066.5,0,7.5,0,16,0,0,11,107,2836,9649,14434.5,17333,53,10,0,2,9,9
51010,80306,32,91918,0,20,0,15.5,0,0,33,370.5,4288.5,10651.5,15396.5,17950,342.5,32,0,3,25,25
51010,4682,9.5,1043.5,0,7,0.5,16.5,0,0,10.5,42.5,1307.5,6856.5,12690,16290,53,9.5,0,2,45,45
51010,2965,21.5,22050.5,0,12.5,0,15.5,0,0,22.5,611.5,5170,11992.5,15931,17956,91.5,21.5,0,3,1,1
51010,23028,65,1239722,0,17,0,15.5,0,0,66,1383.5,6294.5,12535,16187.5,18364,198,65,0,3,6,6
51010,54962,11.5,18967.5,0,8.5,0,15.5,0,0,12.5,110.5,2701.5,9865.5,15009.5,17773.5,53.5,11.5,0,2,13,13
51010,6949,16,3086.5,0,12.5,0,15.5,0,0,17,430,4714,10814,15526,17881.5,61.5,16,0,2,28,28
51010,5411,25.5,38393.5,0,15,0,15.5,0,0,26.5,652,5168,10908.5,15573,17936,104.5,25.5,0,4,3,3
51010,10419,40,150638.5,0,16.5,0,15.5,0,0,41,1236.5,6052,12236,15996.5,18078,119,40,0,3,10,10
51010,252983,11,1294.5,0,8.5,0,16,0,0,12,146.5,3242.5,10145,14967,17619.5,54.5,11,0,3,6,7
51010,150274,41.5,42387.5,0,14,0,15.5,0,0,42.5,241,3923,10403,15051,17541,106.5,41.5,0,3,9,9
51010,11224,39,2824,0,24,0,15.5,0,0,40,480,4743.5,11296.5,15601.5,17785,524.5,39,0,3,7,7
51010,23272,10.5,1295,0,8,0,16,0,0,11.5,652.5,4704,10678.5,15317,17699,53,10.5,0,2,45,45
51010,23137,12.5,1096.5,0,9.5,0,16,0,0,13.5,50,1389,7321,13177,16818,60,12.5,0,3,6,6
51010,440574,11.5,1091,0,9,0,16,0,0,12.5,96.5,3367.5,10133.5,14881,17467,53.5,11.5,0,2,19,19
51010,80349,18.5,15849.5,0,13,0,15.5,0,0,19.5,320.5,4164.5,10795,15531,17803,71,18.5,0,3,15,19
51010,6617,11.5,19213,0,8,0,15.5,0,0,12.5,114.5,2842,10003,15077.5,17553.5,54,11.5,0,2,35,36
51010,11243,17,5412.5,0,11.5,0,16,0,0,18,256,3933,10282,15066,17591.5,72.5,17,0,3,7,7
51010,4695,18,6278,0,13,0,16,0,0,19,762,4551.5,10600.5,15156,17636,78,18,0,2,17,17
51010,54552,11.5,2262,0,8.5,0,15.5,0,0,12.5,439.5,4630.5,10870,15507,17776,53,11.5,0,3,29,29
51010,5198,10.5,4786,0,8,0,16,0,0,11.5,580.5,4204.5,10507.5,15105.5,17600.5,53.5,10.5,0,3,3,3
51010,22980,10,1414.5,0,7.5,0,16,0,0,11,83,2496,10008,14955,17461,53,10,0,3,5,5
9918,100529239,5,2931,0,4,0.5,15.5,0,0,6,855,5018,11217.5,15856.5,17977.5,5.5,5,0,3,7,7
3615,27085,8.5,10435.5,0,6.5,0,15,0,0,9.5,972.5,6633.5,12202,16306.5,18276,6,8.5,0,3,11,11
3615,6132,39.5,17181,0,23.5,0,15,0,0,40.5,1746,8851,13835,17030,18584.5,578.5,39.5,0,2,25,27
3615,94081,48,181008,0,14,0,15.5,0,0,49,1846,8456,12657,16538,18327,112.5,48,0,3,30,30
6790,6169,51,240367,0,21,0,15.5,0,0,52,2145.5,8855.5,13660.5,16989.5,18678.5,178,51,0,2,17,17
6790,57703,39,207131.5,0,11.5,0,15,0,0,40,1260,6915.5,12563,16078.5,18234,63,39,0,2,31,31
9282,100529239,21,15283.5,0,14,0.5,15.5,0,0,22,588,4806.5,11713,16027,18072.5,228.5,21,0,3,14,14
22,10204,4.5,1571,0,4.5,0,16,0,0,5.5,339,3628.5,10705.5,14480.5,17266.5,2,4.5,0,3,19,19
22,5707,29,38085.5,0,17,0,15.5,0,0,30,888,6256.5,12213.5,15248.5,17904.5,357,29,0,4,1,1
6617,54908,4.5,18306,0,3.5,0,15.5,0,0,5.5,169,3392,10400.5,15042.5,17643.5,1,4.5,0,4,3,3
51362,1982,8.5,4029,0,7.5,0,15.5,0,0,9.5,433.5,5410,11503,15814.5,17923,15,8.5,0,2,5,5
51362,2671,8.5,6318,0,7,0,15,0,0,9.5,360.5,4821,11146,15619,17835.5,14,8.5,0,3,2,2
51362,7514,44,246103,0,15,0,14.5,0,0,45,1850.5,7407.5,13150,16651.5,18451.5,70,44,0,2,74,79
51362,100529239,6.5,3811.5,0,5.5,0.5,15.5,0,0,7.5,196.5,3149,10097,15164.5,17555.5,13.5,6.5,0,3,14,14
51362,6164,10,5399,0,9,0,15,0,0,11,542,5340.5,11520.5,16001,18057,15,10,0,2,53,53
23020,7514,67,261969.5,0,20,0,14.5,0,0,68,2623,9648,14077.5,17298,18864,248,67,0,2,20,20
5565,6241,29.5,187122.5,0,10,0,15,0,0,30.5,1142.5,7715.5,12722.5,16688,18495.5,17.5,29.5,0,2,53,53
5565,7514,63,426946.5,0,16,0,14.5,0,0,64,2031.5,8877,13920.5,17283,18926,71.5,63,0,2,53,53
5565,7372,25.5,184655,0.5,6.5,0.5,8,0,0,26.5,366,3619,6281.5,8408.5,9324.5,15,25.5,0,2,4,4
50628,9349,44,64794.5,0,25,0,15,0,0,45,1344.5,7932.5,13399,16809,18596,669.5,44,0,3,42,42
50628,83540,19,24002.5,0,11,0,15.5,0,0,20,623.5,5381.5,11357.5,15786,17987,56.5,19,0,3,42,42
50628,100529239,11.5,8311.5,0,7,0.5,15.5,0,0,12.5,489.5,4473,10660.5,15587.5,17867,32.5,11.5,0,3,14,14
50628,6117,53,199823.5,0,16.5,0,15,0,0,54,1638,8281,13536,16945,18570.5,196,53,0,4,1,1
81608,27229,14,8089.5,0,9.5,0,15.5,0,0,15,632.5,5697,11493.5,15919,18182.5,35,14,0,4,5,5
26155,100529239,7.5,2300.5,0,7,0.5,15.5,0,0,8.5,546.5,4946,11812.5,15962.5,17876.5,18,7.5,0,3,6,6
4702,100529239,8.5,1634,0,7,0.5,16,0,0,9.5,203,3565.5,10041.5,14910,17502,23.5,8.5,0,4,1,1
9590,51564,18,24771,0,12.5,0,15,0,0,19,1011,7270.5,12358,16380.5,18458.5,34.5,18,0,3,6,6
84930,6164,5,1628,0,5,0,15.5,0,0,6,487,5695,11573,16096,18134,1.5,5,0,3,14,14
55860,6117,46,191585.5,0,13.5,0,15.5,0,0,47,1225,5764,11995.5,15364,17944,175.5,46,0,4,1,1
6233,6617,10,19424,0,8.5,0,15,0,0,11,450.5,5240,11902.5,16150.5,18040,21,10,0,3,4,4
6233,56993,21,15953,0,15.5,0,15.5,0,0,22,688,6858,12552.5,16328.5,18239.5,54,21,0,5,2,2
6233,29928,8,1254.5,0,7.5,0.5,16,0,0,9,378.5,3712.5,8995.5,14092,17113,20,8,0,4,2,2
5048,100529239,12,234707,0,6,0.5,15.5,0,0,13,532,4623,11366,15770.5,17869,12.5,12,0,4,3,3
3480,4763,25,72284.5,0,13.5,0,15.5,0,0,26,1904.5,8566.5,13434.5,16873.5,18508,42.5,25,0,2,20,20
4144,100529239,4.5,27897,0,3,0.5,15.5,0,0,5.5,463,4342.5,10741,15660,17905.5,1,4.5,0,2,14,14
4144,51649,18,30723,0,10.5,0,15.5,0,0,19,797.5,6304,11985,16251.5,18210.5,85.5,18,0,2,22,23
65003,6164,24.5,40237.5,0,11.5,0,15,0,0,25.5,662,5815.5,11629.5,16103,18195,121.5,24.5,0,3,6,6
65003,54908,22.5,38786.5,0,9.5,0,15.5,0,0,23.5,398.5,4368.5,10754.5,15110.5,17741,120,22.5,0,4,3,3
65003,10204,22.5,38960,0,9.5,0,15.5,0,0,23.5,378.5,4360.5,11198.5,15725.5,17814.5,121.5,22.5,0,3,6,6
28998,8914,23.5,1413725,0,10,0,15,0,0,24.5,272.5,4722,11070.5,15845,18317,143,23.5,0,3,12,12
28998,6117,61.5,196276.5,0,17.5,0,15,0,0,62.5,1309.5,6950.5,12859,16446,18243,303.5,61.5,0,3,1,1
2079,84844,12,8270.5,0,9,0,15,0,0,13,443,4932.5,11203,15957,18030.5,34.5,12,0,2,2,2
348995,6117,48,191973.5,0,14,0,15.5,0,0,49,1200,6312,12548,16440,18154.5,185.5,48,0,4,1,1
1111,7248,31.5,67709.5,0,17,0,15,0,0,32.5,1549.5,8768.5,13773.5,17077.5,18626,49.5,31.5,0,4,3,3
2475,83540,39.5,192188.5,0,13.5,0,15.5,0,0,40.5,1161,6633.5,12562,16297.5,18249.5,73.5,39.5,0,4,3,3
4666,6164,9.5,5780,0,8,0,15,0,0,10.5,624,6306.5,12105,16373.5,18351.5,3.5,9.5,0,2,41,41
4666,6241,10,6660,0,8,0,15,0,0,11,1043.5,7212,12536.5,16429,18315.5,4.5,10,0,2,41,41
6117,23137,45.5,191565,0,13,0,15.5,0,0,46.5,1171,5002.5,10045.5,14655.5,17564,170.5,45.5,0,2,6,6
6117,6617,44.5,209681.5,0,11.5,0,15,0,0,45.5,1235.5,6455.5,12727.5,16556,18299.5,164.5,44.5,0,2,35,36
6117,29928,42.5,191512,0,10.5,0.5,16,0,0,43.5,1163.5,4928,9820.5,14497.5,17372.5,163.5,42.5,0,3,2,2
6117,6134,91.5,238436.5,0,28.5,0,15,0,0,92.5,1883,9050,14287,17291.5,18721.5,942,91.5,0,3,6,6
6117,94081,83.5,363272.5,0,19,0,15.5,0,0,84.5,2195.5,9032,13656.5,16939,18527.5,270.5,83.5,0,2,49,49
6117,8914,46,1600472.5,0,12.5,0,15,0,0,47,1285,7388.5,13136.5,16891,18894,166.5,46,0,2,12,12
6117,80185,43.5,191512,0,11.5,0,15.5,0,0,44.5,1216.5,6596,12582.5,16249,18250,165,43.5,0,2,114,115
8914,56993,17.5,1423659,0,11,0,15.5,0,0,18.5,436,5845,11589,16133,18573,37,17.5,0,3,2,2
9232,6169,23,73264,0,17,0,15.5,0,0,24,1441,7920,13322,16846.5,18529.5,125.5,23,0,2,17,17
55696,100529239,3.5,49,0,3.5,0.5,15.5,0,0,4.5,133,3352.5,10079,15142.5,17564,4,3.5,0,3,14,14
55696,6117,45,191561,0,13,0,15,0,0,46,1281.5,7160.5,12954.5,16500,18267.5,167.5,45,0,4,1,1
23405,29980,10,12046.5,0,6,0,15,0,0,11,367.5,4888.5,11004,14953,17804,11,10,0,2,34,34
23405,83540,17,27737.5,0,9.5,0,15.5,0,0,18,459.5,5026,11230,15625,17876,34.5,17,0,3,34,34
23405,6169,23.5,57783,0,16,0,15.5,0,0,24.5,1270.5,7044,12054.5,16247.5,18270,126,23.5,0,2,17,17
8480,100529239,13.5,25425.5,0,6.5,0.5,15.5,0,0,14.5,528.5,4796.5,11505,15870,17823,13,13.5,0,3,12,12
5424,5707,33.5,44613.5,0,19,0,15,0,0,34.5,1088.5,8023,13351,16973,18629.5,366,33.5,0,4,1,1
9928,5707,40.5,65034,0,21.5,0,15,0,0,41.5,1130.5,8200.5,13388,16955.5,18656,367.5,40.5,0,4,1,1
9928,10204,16,28519.5,0,9,0,15.5,0,0,17,581.5,5572.5,11880,16187.5,18018,12.5,16,0,3,7,7
9928,64983,20.5,28232,0,13.5,0,15.5,0,0,21.5,595.5,4613.5,10391.5,14568,17465,36.5,20.5,0,3,7,7
51755,100529239,4,269,0,3.5,0.5,15.5,0,0,5,217,3771,10354,15433,17735.5,1.5,4,0,2,13,13
51755,6208,38,6116.5,0,21.5,0,15,0,0,39,947.5,7023,12636,16510.5,18277,627.5,38,0,3,13,13
10480,84844,18.5,6002.5,0,13.5,0,15,0,0,19.5,747.5,5690,11411.5,15884.5,18064,87.5,18.5,0,4,2,2
10480,6117,51.5,193341.5,0,17,0,15,0,0,52.5,1760,8259,13392,16710,18467,217.5,51.5,0,4,1,1
6181,100529239,19.5,8085.5,0,16,0.5,15.5,0,0,20.5,408.5,4616.5,11098.5,15742.5,17959.5,254.5,19.5,0,4,4,4
55090,6164,23,1908.5,0,17.5,0,15,0,0,24,520,5427,11560,16143.5,18272,256.5,23,0,4,1,1
55090,84844,28,4494,0,20,0,15,0,0,29,310.5,4474.5,11031.5,15839,18071,288.5,28,0,4,1,1
51021,6117,50,204378.5,0,17.5,0,15.5,0,0,51,1383.5,7306.5,12946.5,16473.5,18386.5,191,50,0,3,1,1
51021,6169,22.5,58603,0,18.5,0,16,0,0,23.5,1180,6425,11592.5,15937,18197,143,22.5,0,2,17,17
23219,84844,16.5,8708,0,12,0,15.5,0,0,17.5,409.5,5486.5,11551.5,16075,18190,37,16.5,0,4,2,2
23219,6241,12,7002.5,0,9.5,0,15.5,0,0,13,1038.5,7344.5,12511.5,16435,18355,6,12,0,4,5,6
100,5728,62.5,271935,0,11.5,0,15.5,0,0,63.5,1514.5,6240,12555,16221.5,18123.5,149.5,62.5,0,3,19,19
100,861,20.5,31097.5,0,10.5,0,15,0,0,21.5,917,5336.5,11432,16022.5,18068,54,20.5,0,2,6,6
100,207,93,804882.5,0,11.5,0,15,0,0,94,2008.5,6553,12797,16536.5,18473.5,330,93,0,3,15,15
100,2263,7,36514,0,4.5,0,15.5,0,0,8,248,3764.5,10693,15459,17823,1,7,0,4,3,3
4131,54708,15.5,13781.5,0,11.5,0,15.5,0,0,16.5,602,6248.5,12635.5,16633,18324.5,8,15.5,0,4,6,6
5984,7514,48,251472,0,16.5,0,14.5,0,0,49,2330,9198,13880.5,17196.5,18775.5,88,48,0,2,35,36
100529239,9039,2.5,74,0,2.5,0.5,16,0,0,3.5,61.5,2369.5,9612.5,14846,17501,1.5,2.5,0,3,11,11
100529239,6240,3,80.5,0,2.5,0.5,15.5,0,0,4,111,3213,10203.5,15261,17647,1,3,0,2,34,35
100529239,55850,5,3200,0,4,0.5,16,0,0,6,705,4201,10443,15251.5,17680.5,5.5,5,0,2,30,31
100529239,6222,15,310.5,0,13,0.5,15.5,0,0,16,246,3958.5,10852,15563,17747,155,15,0,2,34,35
100529239,80746,2.5,0,0,2,0.5,16,0,0,3.5,16.5,1024.5,5185.5,11561,15275.5,2.5,2.5,0,4,1,1
100529239,6499,1.5,0,0,1.5,0.5,16,0,0,2.5,23,1781,8506.5,13761.5,17066,0.5,1.5,0,4,2,2
100529239,23137,4,53,0,3.5,0.5,16,0,0,5,22.5,1194.5,7170,13298,16860.5,7,4,0,3,6,6
100529239,7372,1,0,0.5,1,1,8.5,0,0,2,13.5,1001.5,4588,7389.5,8707.5,0,1,0,3,4,4
689,9416,27.5,51218.5,0,15.5,0,15,0,0,28.5,1194.5,7707,12789,16805.5,18653.5,77,27.5,0,3,3,3
689,51010,21,39367.5,0,13,0,15.5,0,0,22,707.5,5280.5,11448.5,15848,18117.5,60,21,0,4,3,3
689,6208,46.5,44171.5,0,25,0,15,0,0,47.5,1410.5,8338,13579.5,17046.5,18701.5,633,46.5,0,3,3,3
689,996,41.5,156470,0,15.5,0,15,0,0,42.5,1434.5,8470,13584.5,17173,18837.5,143,41.5,0,3,3,3
689,10204,14,38634,0,8.5,0,15.5,0,0,15,742,5822.5,12290,16428,18281,8.5,14,0,3,3,3
1981,3309,81.5,1614113,0,19,0,14.5,0,0,82.5,2901.5,10564,14888.5,17443,18903,267.5,81.5,0,3,19,19
1981,5985,28.5,58715,0,15,0,15,0,0,29.5,1390.5,8080,12987.5,16883.5,18579,78.5,28.5,0,4,1,1
1981,55035,21.5,41963.5,0,11.5,0,15,0,0,22.5,1055.5,6769.5,12457.5,16493.5,18311.5,51,21.5,0,3,5,5
1981,100529239,18.5,39881.5,0,9,0.5,15.5,0,0,19.5,833,5307,11362,15957,18100.5,49.5,18.5,0,2,14,14
6434,9039,17,36478.5,0,11.5,0,15,0,0,18,1178,5761.5,11780.5,16020.5,18169.5,69,17,0,3,11,11
51264,100529239,11.5,1906.5,0,8,0.5,15.5,0,0,12.5,170,2883,9904.5,15062.5,17524,67,11.5,0,2,14,14
51264,10204,13,2216.5,0,9.5,0,15.5,0,0,14,232,3619.5,10897,15521.5,17645,68.5,13,0,2,40,41
84844,6949,16,6216,0,12.5,0,15,0,0,17,538.5,5758.5,11558,16179,18224.5,42,16,0,3,15,16
84844,6901,11,4825.5,0,8.5,0,15.5,0,0,12,321,4580.5,11126,15742.5,18063.5,34,11,0,3,3,3
84844,7514,47,246464.5,0,16.5,0,14.5,0,0,48,1815,7498.5,13122,16796,18609.5,90,47,0,3,15,16
84844,100529239,9.5,4173,0,7,0.5,15.5,0,0,10.5,161,3240,10069,15309,17713.5,33.5,9.5,0,3,14,14
84844,51699,13.5,5269,0,10,0,15.5,0,0,14.5,191.5,3715,10348,15161,17666,38,13.5,0,3,15,16
84844,94081,50.5,175933.5,0,15.5,0,15.5,0,0,51.5,1183,6463,11676,16113.5,18124.5,140.5,50.5,0,3,15,16
84844,5707,35.5,40997.5,0,21,0,15,0,0,36.5,772,6604.5,12569.5,16536,18472.5,390,35.5,0,3,1,1
84844,8480,22,29598.5,0,12.5,0,15,0,0,23,664.5,6035.5,12400,16402,18123.5,46.5,22,0,3,15,16
