gene1,gene2,avgdeg,avgbet,avgclose,avgcore,avgcons,avgecc,avgeigen_cen,avghub_score,avgneighbor1,avgneighbor2,avgneighbor3,avgneighbor4,avgneighbor5,avgneighbor6,avgtriangle,avgcommon_neighbor,comm.detect,shortest_path,cohesion,adhesion
ENSP00000309198,ENSP00000368589,682,7863.5,0,449,0,3,0,0,683,19247,19622,19622,19622,19622,43340,682,1,2,369,369
ENSP00000418915,ENSP00000275493,5045,300528,0,527,0,3,0,0,5046,19595.5,19622,19622,19622,19622,1610868,5045,1,2,487,487
ENSP00000269305,ENSP00000369962,3834.5,444506,0,366.5,0,3.5,0,0,3835.5,19101.5,19621.5,19622,19622,19622,1311353.5,3834.5,1,2,273,273
ENSP00000372274,ENSP00000377218,784.5,9311.5,0,446.5,0,3,0,0,785.5,19365.5,19622,19622,19622,19622,94023,784.5,1,2,1245,1245
ENSP00000355771,ENSP00000341551,1718,25729.5,0,518,0,3,0,0,1719,19510.5,19622,19622,19622,19622,391715,1718,1,2,387,387
ENSP00000325074,ENSP00000377218,1184.5,15946.5,0,527,0,3,0,0,1185.5,19475,19622,19622,19622,19622,158734,1184.5,1,2,1207,1207
ENSP00000325074,ENSP00000345502,1009,15923.5,0,484.5,0,3.5,0,0,1010,19450.5,19621.5,19622,19622,19622,96762,1009,1,2,1162,1162
ENSP00000269305,ENSP00000418915,5856.5,517964,0,527,0,3,0,0,5857.5,19598,19622,19622,19622,19622,1986172.5,5856.5,1,2,273,273
ENSP00000385545,ENSP00000462419,388.5,6810.5,0,262,0,3.5,0,0,389.5,18209,19620.5,19622,19622,19622,13080,388.5,1,2,175,175
ENSP00000317224,ENSP00000362330,945,13739,0,455,0,3.5,0,0,946,19318.5,19621.5,19622,19622,19622,106729,945,1,2,658,658
ENSP00000301178,ENSP00000351015,2250,39258,0,527,0,3,0,0,2251,19553,19622,19622,19622,19622,538108,2250,1,2,287,287
ENSP00000241453,ENSP00000351015,2060.5,34602,0,527,0,3,0,0,2061.5,19537,19622,19622,19622,19622,487597.5,2060.5,1,2,2030,2030
ENSP00000353408,ENSP00000263253,2334.5,46948.5,0,527,0,3,0,0,2335.5,19535.5,19622,19622,19622,19622,598808.5,2334.5,1,2,253,253
ENSP00000353408,ENSP00000354952,916,7281.5,0,446,0,3,0,0,917,19188.5,19622,19622,19622,19622,139737.5,916,1,2,253,253
ENSP00000351015,ENSP00000365692,1761.5,31321,0,527,0,3,0,0,1762.5,19498.5,19622,19622,19622,19622,361591,1761.5,1,2,442,442
ENSP00000482732,ENSP00000452877,723,9445,0,440.5,0,3,0,0,724,19384,19622,19622,19622,19622,37914.5,723,1,2,252,252
ENSP00000348753,ENSP00000351015,1526.5,29259,0,465.5,0,3,0,0,1527.5,19310.5,19622,19622,19622,19622,306288,1526.5,1,2,432,432
ENSP00000501092,ENSP00000365692,1107,14170,0,519.5,0,3,0,0,1108,19463.5,19622,19622,19622,19622,154025.5,1107,1,2,449,449
ENSP00000501092,ENSP00000354952,826.5,11475.5,0,438.5,0,3,0,0,827.5,19192,19622,19622,19622,19622,100905.5,826.5,1,2,772,772
ENSP00000367545,ENSP00000452877,821.5,12094,0,487,0,3,0,0,822.5,19415,19622,19622,19622,19622,69638,821.5,1,2,566,566
ENSP00000368370,ENSP00000263253,2568,54654,0,527,0,3,0,0,2569,19567,19622,19622,19622,19622,686378,2568,1,2,312,312
ENSP00000368370,ENSP00000482732,1263.5,18068.5,0,473,0,3,0,0,1264.5,19464.5,19622,19622,19622,19622,226616,1263.5,1,2,312,312
ENSP00000452877,ENSP00000242351,924,11892.5,0,494,0,3.5,0,0,925,19366,19621.5,19622,19622,19622,81574.5,924,1,2,338,338
ENSP00000452877,ENSP00000351015,1665,32803,0,494.5,0,3,0,0,1666,19476.5,19622,19622,19622,19622,316799.5,1665,1,2,1043,1043
ENSP00000382423,ENSP00000441641,1141.5,20192,0,384.5,0,3.5,0,0,1142.5,19105,19621.5,19622,19622,19622,193038.5,1141.5,1,2,980,980
ENSP00000382423,ENSP00000430684,2113.5,32167,0,527,0,3,0,0,2114.5,19547,19622,19622,19622,19622,494453,2113.5,1,2,641,641
ENSP00000382423,ENSP00000379287,2555.5,55922,0,527,0,3,0,0,2556.5,19567.5,19622,19622,19622,19622,607045.5,2555.5,1,2,432,432
ENSP00000263967,ENSP00000336894,1310.5,23953.5,0,400,0,3,0,0,1311.5,19155.5,19622,19622,19622,19622,275715.5,1310.5,1,2,635,635
ENSP00000269305,ENSP00000392936,3823.5,444600,0,352.5,0,3,0,0,3824.5,18785.5,19622,19622,19622,19622,1310669.5,3823.5,1,2,273,273
ENSP00000301178,ENSP00000391249,1387,18305,0,502,0,3,0,0,1388,19477.5,19622,19622,19622,19622,272035.5,1387,1,2,253,253
ENSP00000301178,ENSP00000264033,1646.5,17604.5,0,527,0,3,0,0,1647.5,19511,19622,19622,19622,19622,362734,1646.5,1,2,287,287
ENSP00000301178,ENSP00000013125,1201.5,13634.5,0,440,0,3.5,0,0,1202.5,19359.5,19621,19622,19622,19622,250795.5,1201.5,1,2,287,287
ENSP00000301178,ENSP00000275034,1639.5,20536.5,0,527,0,3,0,0,1640.5,19490,19622,19622,19622,19622,319996.5,1639.5,1,2,287,287
ENSP00000362082,ENSP00000013125,775,4408.5,0,440,0,3.5,0,0,776,19300,19621,19622,19622,19622,119237.5,775,1,2,175,175
ENSP00000265689,ENSP00000013125,589.5,4038,0,423.5,0,4,0,0,590.5,19262.5,19620.5,19622,19622,19622,42293.5,589.5,1,2,582,582
ENSP00000263253,ENSP00000253024,2948.5,106084,0,527,0,3,0,0,2949.5,19579.5,19622,19622,19622,19622,737932,2948.5,1,2,615,615
ENSP00000263253,ENSP00000401564,2372,47215,0,527,0,3,0,0,2373,19524.5,19622,19622,19622,19622,620225.5,2372,1,2,615,615
ENSP00000263253,ENSP00000360683,2366,49093.5,0,527,0,3,0,0,2367,19538,19622,19622,19622,19622,608178.5,2366,1,2,298,298
ENSP00000376436,ENSP00000339992,1605.5,16125,0,527,0,3,0,0,1606.5,19520.5,19622,19622,19622,19622,359445,1605.5,1,2,500,500
ENSP00000241453,ENSP00000322570,1541.5,17282,0,527,0,3,0,0,1542.5,19522,19622,19622,19622,19622,317194.5,1541.5,1,2,408,408
ENSP00000354952,ENSP00000338413,1187.5,16272.5,0,446,0,3,0,0,1188.5,19215,19622,19622,19622,19622,206203,1187.5,1,2,369,369
ENSP00000252506,ENSP00000253024,1634,68846.5,0,487,0,3,0,0,1635,19393.5,19622,19622,19622,19622,288649,1634,1,2,293,293
ENSP00000435712,ENSP00000384675,1948,33088,0,527,0,3,0,0,1949,19536.5,19622,19622,19622,19622,405232.5,1948,1,2,409,409
ENSP00000408617,ENSP00000013125,973,8818.5,0,440,0,3.5,0,0,974,19346,19621,19622,19622,19622,167319,973,1,2,218,218
ENSP00000296503,ENSP00000253024,1940,70146,0,527,0,3,0,0,1941,19482,19622,19622,19622,19622,364138,1940,1,2,408,408
ENSP00000360266,ENSP00000338413,3694.5,273480.5,0,527,0,3,0,0,3695.5,19571.5,19622,19622,19622,19622,1073722,3694.5,1,2,369,369
ENSP00000360266,ENSP00000369887,3298.5,263888.5,0,527,0,3,0,0,3299.5,19496,19622,19622,19622,19622,976639,3298.5,1,2,1014,1014
ENSP00000468348,ENSP00000253024,1600,66513.5,0,492.5,0,3.5,0,0,1601,19401,19621,19622,19622,19622,296172,1600,1,2,576,576
ENSP00000353408,ENSP00000013125,923.5,8097.5,0,440,0,3.5,0,0,924.5,19332,19621,19622,19622,19622,130619,923.5,1,2,253,253
ENSP00000353408,ENSP00000446880,1062.5,8989,0,501.5,0,3,0,0,1063.5,19375,19622,19622,19622,19622,157400,1062.5,1,2,253,253
ENSP00000353408,ENSP00000384675,1519.5,17323,0,527,0,3,0,0,1520.5,19501,19622,19622,19622,19622,269601,1519.5,1,2,253,253
ENSP00000478887,ENSP00000013125,3793.5,316902.5,0,440,0,3.5,0,0,3794.5,19392,19621,19622,19622,19622,1317880.5,3793.5,1,2,327,327
ENSP00000478887,ENSP00000339992,4306.5,321361,0,527,0,3,0,0,4307.5,19566,19622,19622,19622,19622,1455716.5,4306.5,1,2,327,327
ENSP00000478887,ENSP00000275034,4231.5,323804.5,0,527,0,3,0,0,4232.5,19522.5,19622,19622,19622,19622,1387081.5,4231.5,1,2,327,327
ENSP00000351015,ENSP00000391249,1674,34113,0,502,0,3,0,0,1675,19488.5,19622,19622,19622,19622,320592.5,1674,1,2,253,253
ENSP00000351015,ENSP00000336790,1878,31461,0,527,0,3,0,0,1879,19507,19622,19622,19622,19622,403606.5,1878,1,2,388,388
ENSP00000351015,ENSP00000302114,1513,30324.5,0,446,0,3,0,0,1514,19274.5,19622,19622,19622,19622,302039,1513,1,2,374,374
ENSP00000351015,ENSP00000369887,1847.5,33120,0,527,0,3,0,0,1848.5,19476.5,19622,19622,19622,19622,387314,1847.5,1,2,442,442
ENSP00000395929,ENSP00000401564,1457.5,16795.5,0,527,0,3,0,0,1458.5,19492,19622,19622,19622,19622,259384,1457.5,1,2,479,479
ENSP00000365692,ENSP00000253024,1810.5,69111.5,0,527,0,3,0,0,1811.5,19504,19622,19622,19622,19622,331981,1810.5,1,2,494,494
ENSP00000353824,ENSP00000013125,605.5,5039,0,419,0,3.5,0,0,606.5,19290.5,19621,19622,19622,19622,40180,605.5,1,2,529,529
ENSP00000482732,ENSP00000275034,984.5,12986.5,0,473,0,3,0,0,985.5,19408.5,19622,19622,19622,19622,89668.5,984.5,1,2,252,252
ENSP00000482732,ENSP00000488642,646,6545.5,0,446,0,3.5,0,0,647,19263.5,19620.5,19622,19622,19622,40073.5,646,1,2,252,252
ENSP00000311816,ENSP00000488642,854.5,6290,0,500,0,3.5,0,0,855.5,19312.5,19620.5,19622,19622,19622,103478.5,854.5,1,2,551,551
ENSP00000311816,ENSP00000298875,1201.5,11861.5,0,527,0,3,0,0,1202.5,19446,19622,19622,19622,19622,180987.5,1201.5,1,2,1044,1044
ENSP00000363329,ENSP00000338413,1267,19320.5,0,454,0,3,0,0,1268,19347,19622,19622,19622,19622,203280.5,1267,1,2,369,369
ENSP00000363417,ENSP00000369887,848.5,9760,0,450,0,3,0,0,849.5,19307.5,19622,19622,19622,19622,105168,848.5,1,2,737,737
ENSP00000348753,ENSP00000488642,577.5,4096.5,0,438.5,0,3.5,0,0,578.5,19102.5,19620.5,19622,19622,19622,38581.5,577.5,1,2,432,432
ENSP00000348753,ENSP00000284551,564.5,4949,0,407.5,0,3,0,0,565.5,19113.5,19622,19622,19622,19622,28185.5,564.5,1,2,432,432
ENSP00000501092,ENSP00000369887,1193,15969,0,519.5,0,3,0,0,1194,19441.5,19622,19622,19622,19622,179748.5,1193,1,2,772,772
ENSP00000501092,ENSP00000375986,967,12653,0,493,0,3,0,0,968,19398.5,19622,19622,19622,19622,114436,967,1,2,185,185
ENSP00000501092,ENSP00000265138,849,14414,0,418.5,0,3,0,0,850,19356.5,19622,19622,19622,19622,90311.5,849,1,2,772,772
ENSP00000501092,ENSP00000390394,964,15391,0,460.5,0,3.5,0,0,965,19427.5,19621.5,19622,19622,19622,103014,964,1,2,704,704
ENSP00000501092,ENSP00000286364,816,11818,0,425,0,3,0,0,817,19301.5,19622,19622,19622,19622,93559,816,1,2,635,635
ENSP00000501092,ENSP00000253024,1931.5,75705.5,0,519.5,0,3,0,0,1932.5,19534.5,19622,19622,19622,19622,349489.5,1931.5,1,2,772,772
ENSP00000501092,ENSP00000338413,1589,25561,0,519.5,0,3,0,0,1590,19517,19622,19622,19622,19622,276831.5,1589,1,2,369,369
ENSP00000501092,ENSP00000013125,834,12291.5,0,432.5,0,3.5,0,0,835,19335.5,19621,19622,19622,19622,91787,834,1,2,772,772
ENSP00000501092,ENSP00000339992,1347,16750,0,519.5,0,3,0,0,1348,19509.5,19622,19622,19622,19622,229623,1347,1,2,500,500
ENSP00000368370,ENSP00000264033,1602,19773,0,527,0,3,0,0,1603,19515,19622,19622,19622,19622,330127,1602,1,2,312,312
ENSP00000368370,ENSP00000360683,1672,22226.5,0,527,0,3,0,0,1673,19521,19622,19622,19622,19622,346137.5,1672,1,2,298,298
ENSP00000368370,ENSP00000365230,2191,33497,0,527,0,3,0,0,2192,19553.5,19622,19622,19622,19622,585366,2191,1,2,312,312
ENSP00000242351,ENSP00000013125,747.5,8532,0,439.5,0,4,0,0,748.5,19260,19620.5,19622,19622,19622,64127.5,747.5,1,2,753,753
ENSP00000452877,ENSP00000384675,1212.5,16405,0,494.5,0,3,0,0,1213.5,19452,19622,19622,19622,19622,168469,1212.5,1,2,409,409
ENSP00000452877,ENSP00000013125,616.5,7179.5,0,407.5,0,3.5,0,0,617.5,19283,19621,19622,19622,19622,29487,616.5,1,2,1043,1043
ENSP00000397552,ENSP00000252268,1511.5,23273.5,0,470.5,0,3.5,0,0,1512.5,19295.5,19621,19622,19622,19622,325663,1511.5,1,2,1198,1198
ENSP00000243903,ENSP00000252268,606,11595,0,427,0,3.5,0,0,607,19128,19621,19622,19622,19622,35983.5,606,1,2,1204,1204
ENSP00000320485,ENSP00000301280,1173.5,11181.5,0,522.5,0,3.5,0,0,1174.5,19389,19621.5,19622,19622,19622,192993.5,1173.5,1,2,444,444
ENSP00000368189,ENSP00000278823,526,2812,0,403,0,3.5,0,0,527,19086.5,19621.5,19622,19622,19622,45357,526,1,2,397,397
ENSP00000279873,ENSP00000252268,695.5,7819,0,448,0,3.5,0,0,696.5,19210,19621,19622,19622,19622,50361.5,695.5,1,2,444,444
ENSP00000279873,ENSP00000269397,755,8785.5,0,470.5,0,3.5,0,0,756,19307.5,19621.5,19622,19622,19622,62547.5,755,1,2,218,218
ENSP00000238789,ENSP00000252268,921,11709,0,470.5,0,3.5,0,0,922,19234,19621,19622,19622,19622,94817,921,1,2,677,677
ENSP00000351575,ENSP00000301280,843,9586,0,487.5,0,3.5,0,0,844,19295,19621.5,19622,19622,19622,88224.5,843,1,2,419,419
ENSP00000175756,ENSP00000301280,714,5784.5,0,456,0,3.5,0,0,715,19232,19621.5,19622,19622,19622,77816.5,714,1,2,444,444
ENSP00000351575,ENSP00000252268,645,7593,0,435.5,0,3.5,0,0,646,19168.5,19621,19622,19622,19622,40524,645,1,2,419,419
ENSP00000351575,ENSP00000278823,722,7496.5,0,474.5,0,3.5,0,0,723,19256,19621.5,19622,19622,19622,61089.5,722,1,2,397,397
ENSP00000175756,ENSP00000278823,593,3695,0,443,0,3.5,0,0,594,19193,19621.5,19622,19622,19622,50681.5,593,1,2,397,397
ENSP00000351575,ENSP00000337976,1295.5,23751,0,492,0,3,0,0,1296.5,19410,19622,19622,19622,19622,196015.5,1295.5,1,2,419,419
ENSP00000175756,ENSP00000337976,1166.5,19949.5,0,460.5,0,3,0,0,1167.5,19347,19622,19622,19622,19622,185607.5,1166.5,1,2,739,739
ENSP00000307208,ENSP00000278823,938.5,10725.5,0,508,0,3.5,0,0,939.5,19321,19621.5,19622,19622,19622,111422.5,938.5,1,2,255,255
ENSP00000307208,ENSP00000301280,1059.5,12815,0,521,0,3.5,0,0,1060.5,19360,19621.5,19622,19622,19622,138557.5,1059.5,1,2,255,255
ENSP00000307208,ENSP00000337976,1512,26980,0,525.5,0,3,0,0,1513,19475,19622,19622,19622,19622,246348.5,1512,1,2,255,255
ENSP00000378702,ENSP00000301280,1136,13474.5,0,522.5,0,3.5,0,0,1137,19396.5,19621.5,19622,19622,19622,168761,1136,1,2,444,444
ENSP00000305918,ENSP00000252268,874.5,8183,0,470.5,0,3.5,0,0,875.5,19257.5,19621,19622,19622,19622,107172.5,874.5,1,2,199,199
ENSP00000263377,ENSP00000252268,1600,22997,0,470.5,0,3.5,0,0,1601,19299,19621,19622,19622,19622,379221,1600,1,2,353,353
ENSP00000378181,ENSP00000225983,1294,11917,0,527,0,3.5,0,0,1295,19462.5,19621.5,19622,19622,19622,210242,1294,1,2,317,317
ENSP00000350267,ENSP00000252268,587.5,4831,0,419.5,0,4,0,0,588.5,19119,19620.5,19622,19622,19622,35525,587.5,1,2,309,309
ENSP00000350267,ENSP00000337976,1238,20989,0,476,0,3.5,0,0,1239,19360.5,19621.5,19622,19622,19622,191016.5,1238,1,2,309,309
ENSP00000350267,ENSP00000301280,785.5,6824,0,471.5,0,4,0,0,786.5,19245.5,19621,19622,19622,19622,83225.5,785.5,1,2,309,309
ENSP00000330753,ENSP00000392617,1061,16034.5,0,506.5,0,3,0,0,1062,19420.5,19622,19622,19622,19622,100146,1061,1,2,658,658
ENSP00000377060,ENSP00000252268,836,9402.5,0,470.5,0,3.5,0,0,837,19251.5,19621,19622,19622,19622,101422.5,836,1,2,1204,1204
ENSP00000384490,ENSP00000367570,638,8730,0,411,0,3,0,0,639,19166,19622,19622,19622,19622,38679.5,638,1,2,1080,1080
ENSP00000216133,ENSP00000380718,1120,18555,0,476.5,0,3,0,0,1121,19400.5,19622,19622,19622,19622,153495.5,1120,1,2,437,437
ENSP00000360532,ENSP00000337976,1997.5,39483,0,527,0,3,0,0,1998.5,19520,19622,19622,19622,19622,390489,1997.5,1,2,566,566
ENSP00000360532,ENSP00000301280,1545,25318,0,522.5,0,3.5,0,0,1546,19405,19621.5,19622,19622,19622,282698,1545,1,2,444,444
ENSP00000383428,ENSP00000278823,798.5,8243.5,0,488,0,3.5,0,0,799.5,19307.5,19621.5,19622,19622,19622,79115,798.5,1,2,397,397
ENSP00000383428,ENSP00000340507,1050,13594,0,505.5,0,3,0,0,1051,19415.5,19622,19622,19622,19622,123923.5,1050,1,2,404,404
ENSP00000315700,ENSP00000252268,693.5,5589,0,461,0,4,0,0,694.5,19159,19620.5,19622,19622,19622,68686.5,693.5,1,2,392,392
ENSP00000483667,ENSP00000278823,1375,16989.5,0,509.5,0,3.5,0,0,1376,19359,19621.5,19622,19622,19622,262356,1375,1,2,397,397
ENSP00000440542,ENSP00000252268,1448.5,21577.5,0,470.5,0,3.5,0,0,1449.5,19293,19621,19622,19622,19622,299777.5,1448.5,1,2,780,780
ENSP00000440542,ENSP00000278823,1525.5,21481,0,509.5,0,3.5,0,0,1526.5,19380.5,19621.5,19622,19622,19622,320343,1525.5,1,2,397,397
ENSP00000440542,ENSP00000360162,2227.5,45457.5,0,527,0,3,0,0,2228.5,19546.5,19622,19622,19622,19622,480710,2227.5,1,2,780,780
ENSP00000362330,ENSP00000252268,954.5,12750,0,470.5,0,3.5,0,0,955.5,19250,19621,19622,19622,19622,114802,954.5,1,2,397,397
ENSP00000496813,ENSP00000252268,485.5,4022,0,375.5,0,3.5,0,0,486.5,19017.5,19621,19622,19622,19622,22938,485.5,1,2,403,403
ENSP00000262450,ENSP00000252268,976.5,17827.5,0,466.5,0,3.5,0,0,977.5,19270.5,19621,19622,19622,19622,111376.5,976.5,1,2,353,353
ENSP00000240874,ENSP00000252268,651,7004,0,423.5,0,3.5,0,0,652,19208,19621,19622,19622,19622,46639.5,651,1,2,768,768
ENSP00000362330,ENSP00000301280,1152.5,14743,0,522.5,0,3.5,0,0,1153.5,19376.5,19621.5,19622,19622,19622,162502.5,1152.5,1,2,397,397
ENSP00000496813,ENSP00000301280,683.5,6015,0,427.5,0,3.5,0,0,684.5,19144,19621.5,19622,19622,19622,70638.5,683.5,1,2,403,403
ENSP00000262450,ENSP00000301280,1174.5,19820.5,0,518.5,0,3.5,0,0,1175.5,19397,19621.5,19622,19622,19622,159077,1174.5,1,2,353,353
ENSP00000240874,ENSP00000301280,849,8997,0,475.5,0,3.5,0,0,850,19334.5,19621.5,19622,19622,19622,94340,849,1,2,444,444
ENSP00000362330,ENSP00000361363,1269,18707,0,523,0,3,0,0,1270,19449,19622,19622,19622,19622,159508.5,1269,1,2,397,397
ENSP00000362330,ENSP00000360162,1733.5,36630,0,527,0,3,0,0,1734.5,19503.5,19622,19622,19622,19622,295734.5,1733.5,1,2,397,397
ENSP00000396345,ENSP00000386759,1819.5,36674,0,527,0,3,0,0,1820.5,19524,19622,19622,19622,19622,323295.5,1819.5,1,2,419,419
ENSP00000366179,ENSP00000337976,1376.5,24379,0,509.5,0,3,0,0,1377.5,19434,19622,19622,19622,19622,205378,1376.5,1,2,739,739
ENSP00000366179,ENSP00000301280,924,10214,0,505,0,3.5,0,0,925,19319,19621.5,19622,19622,19622,97587,924,1,2,444,444
ENSP00000379078,ENSP00000278823,1366,23238,0,509.5,0,3.5,0,0,1367,19381,19621.5,19622,19622,19622,237027,1366,1,2,397,397
ENSP00000374212,ENSP00000318297,2063,65913.5,0,527,0,3,0,0,2064,19521.5,19622,19622,19622,19622,449423,2063,1,2,392,392
ENSP00000374212,ENSP00000301280,1334.5,21280.5,0,522.5,0,3.5,0,0,1335.5,19394,19621.5,19622,19622,19622,213497,1334.5,1,2,444,444
ENSP00000320147,ENSP00000386759,2898.5,76193.5,0,527,0,3,0,0,2899.5,19568,19622,19622,19622,19622,767974,2898.5,1,2,419,419
ENSP00000384823,ENSP00000361363,989.5,13095,0,492.5,0,3,0,0,990.5,19374.5,19622,19622,19622,19622,90147,989.5,1,2,631,631
ENSP00000384823,ENSP00000278823,752,7041.5,0,479,0,3.5,0,0,753,19263,19621.5,19622,19622,19622,66006,752,1,2,397,397
ENSP00000302967,ENSP00000337976,1770.5,27333.5,0,527,0,3,0,0,1771.5,19513.5,19622,19622,19622,19622,343281,1770.5,1,2,388,388
ENSP00000302967,ENSP00000301280,1318,13168.5,0,522.5,0,3.5,0,0,1319,19398.5,19621.5,19622,19622,19622,235490,1318,1,2,388,388
ENSP00000302967,ENSP00000252268,1120,11175.5,0,470.5,0,3.5,0,0,1121,19272,19621,19622,19622,19622,187789.5,1120,1,2,388,388
ENSP00000225983,ENSP00000361363,1331.5,14296,0,523,0,3,0,0,1332.5,19475,19622,19622,19622,19622,204252,1331.5,1,2,664,664
ENSP00000408617,ENSP00000252268,1025.5,8844.5,0,470.5,0,3.5,0,0,1026.5,19268.5,19621,19622,19622,19622,179036,1025.5,1,2,218,218
ENSP00000408617,ENSP00000278823,1102.5,8748,0,509.5,0,3.5,0,0,1103.5,19356,19621.5,19622,19622,19622,199601.5,1102.5,1,2,218,218
ENSP00000357189,ENSP00000301280,934,6843.5,0,522.5,0,3.5,0,0,935,19311.5,19621.5,19622,19622,19622,121605,934,1,2,444,444
ENSP00000307183,ENSP00000278823,747.5,4892,0,502,0,3.5,0,0,748.5,19238.5,19621.5,19622,19622,19622,77982.5,747.5,1,2,397,397
ENSP00000320566,ENSP00000278823,780,6258,0,504,0,3.5,0,0,781,19262,19621.5,19622,19622,19622,83344,780,1,2,397,397
ENSP00000307183,ENSP00000337976,1321,21146.5,0,519.5,0,3,0,0,1322,19392.5,19622,19622,19622,19622,212908.5,1321,1,2,739,739
ENSP00000320566,ENSP00000337976,1353.5,22512.5,0,521.5,0,3,0,0,1354.5,19416,19622,19622,19622,19622,218270,1353.5,1,2,404,404
ENSP00000490767,ENSP00000252268,693.5,5584.5,0,463,0,4,0,0,694.5,19153.5,19620.5,19622,19622,19622,59349,693.5,1,2,380,380
ENSP00000415433,ENSP00000278823,665,6616.5,0,457,0,4,0,0,666,19169,19620.5,19622,19622,19622,52733.5,665,1,2,343,343
ENSP00000415433,ENSP00000384629,940.5,11189,0,474.5,0,3.5,0,0,941.5,19330,19621,19622,19622,19622,114979.5,940.5,1,2,309,309
ENSP00000398410,ENSP00000278823,526,2998.5,0,395.5,0,4,0,0,527,18965,19621,19622,19622,19622,45335.5,526,1,2,397,397
ENSP00000399475,ENSP00000252268,411,3132,0,330.5,0,4,0,0,412,18761,19619.5,19622,19622,19622,20406.5,411,1,2,887,887
ENSP00000225916,ENSP00000252268,1161.5,17126,0,470.5,0,3.5,0,0,1162.5,19275.5,19621,19622,19622,19622,178411.5,1161.5,1,2,496,496
ENSP00000383042,ENSP00000278823,1434,21245,0,509.5,0,3.5,0,0,1435,19375.5,19621.5,19622,19622,19622,277500.5,1434,1,2,397,397
ENSP00000366271,ENSP00000254942,1037.5,12615,0,516,0,3,0,0,1038.5,19360.5,19622,19622,19622,19622,120476,1037.5,1,2,65,65
ENSP00000326563,ENSP00000380718,1248,20344,0,516,0,3,0,0,1249,19433.5,19622,19622,19622,19622,175673.5,1248,1,2,298,298
ENSP00000326563,ENSP00000301280,880.5,7628,0,511.5,0,3.5,0,0,881.5,19324.5,19621.5,19622,19622,19622,110362.5,880.5,1,2,298,298
ENSP00000361473,ENSP00000301280,910,6381,0,518.5,0,3.5,0,0,911,19284.5,19621.5,19622,19622,19622,121997.5,910,1,2,444,444
ENSP00000361473,ENSP00000252268,712,4388,0,466.5,0,3.5,0,0,713,19158,19621,19622,19622,19622,74297,712,1,2,864,864
ENSP00000361473,ENSP00000392617,843,5707.5,0,505.5,0,3,0,0,844,19327.5,19622,19622,19622,19622,91519,843,1,2,678,678
ENSP00000361473,ENSP00000337976,1362.5,20546,0,523,0,3,0,0,1363.5,19399.5,19622,19622,19622,19622,229788.5,1362.5,1,2,739,739
ENSP00000361473,ENSP00000380718,1277.5,19097,0,523,0,3,0,0,1278.5,19393.5,19622,19622,19622,19622,187308.5,1277.5,1,2,437,437
ENSP00000159111,ENSP00000278823,710,4638,0,488,0,3.5,0,0,711,19226,19621.5,19622,19622,19622,76820.5,710,1,2,366,366
ENSP00000159111,ENSP00000386759,1468.5,27089.5,0,505.5,0,3,0,0,1469.5,19404,19622,19622,19622,19622,265880.5,1468.5,1,2,366,366
ENSP00000370710,ENSP00000380718,1160,19437.5,0,502,0,3,0,0,1161,19346.5,19622,19622,19622,19622,163429.5,1160,1,2,437,437
ENSP00000356233,ENSP00000384629,1533.5,18010.5,0,527,0,3,0,0,1534.5,19504.5,19622,19622,19622,19622,293724,1533.5,1,2,309,309
ENSP00000322408,ENSP00000278823,1040,9253,0,509.5,0,3.5,0,0,1041,19321,19621.5,19622,19622,19622,159875.5,1040,1,2,397,397
ENSP00000254846,ENSP00000301280,2528.5,84875.5,0,522.5,0,3.5,0,0,2529.5,19434.5,19621.5,19622,19622,19622,668678,2528.5,1,2,444,444
ENSP00000376807,ENSP00000380718,1118,21453,0,450.5,0,3,0,0,1119,19365.5,19622,19622,19622,19622,138246,1118,1,2,437,437
ENSP00000468785,ENSP00000380718,1256,19587.5,0,516,0,3,0,0,1257,19401.5,19622,19622,19622,19622,162732.5,1256,1,2,437,437
ENSP00000249910,ENSP00000278823,653.5,4999.5,0,462.5,0,3.5,0,0,654.5,19209,19621.5,19622,19622,19622,60399.5,653.5,1,2,397,397
ENSP00000249910,ENSP00000380718,1142,19805,0,480,0,3,0,0,1143,19357,19622,19622,19622,19622,152845.5,1142,1,2,437,437
ENSP00000302111,ENSP00000386759,1801.5,33635.5,0,527,0,3,0,0,1802.5,19531,19622,19622,19622,19622,345247.5,1801.5,1,2,419,419
ENSP00000370624,ENSP00000380718,1059,19700.5,0,428.5,0,3.5,0,0,1060,19259,19621.5,19622,19622,19622,136339.5,1059,1,2,437,437
ENSP00000436786,ENSP00000278823,1245,15343,0,509.5,0,3.5,0,0,1246,19371.5,19621.5,19622,19622,19622,200074.5,1245,1,2,397,397
ENSP00000262189,ENSP00000386759,1876.5,34816,0,527,0,3,0,0,1877.5,19528,19622,19622,19622,19622,351966.5,1876.5,1,2,218,218
ENSP00000479910,ENSP00000301280,651,5119,0,415.5,0,3.5,0,0,652,19069.5,19621.5,19622,19622,19622,71191,651,1,2,422,422
ENSP00000355388,ENSP00000278823,1078.5,14571.5,0,509.5,0,3.5,0,0,1079.5,19329.5,19621.5,19622,19622,19622,128967,1078.5,1,2,397,397
ENSP00000355388,ENSP00000254942,1192,19519.5,0,516,0,3,0,0,1193,19404,19622,19622,19622,19622,128686.5,1192,1,2,677,677
ENSP00000234420,ENSP00000252268,1176,12940,0,470.5,0,3.5,0,0,1177,19274,19621,19622,19622,19622,202162.5,1176,1,2,940,940
ENSP00000234420,ENSP00000301280,1374,14933,0,522.5,0,3.5,0,0,1375,19400.5,19621.5,19622,19622,19622,249863,1374,1,2,444,444
ENSP00000312244,ENSP00000301280,907,9195,0,507.5,0,3.5,0,0,908,19300.5,19621.5,19622,19622,19622,105513.5,907,1,2,444,444
ENSP00000312244,ENSP00000392617,840,8521.5,0,494.5,0,3,0,0,841,19343.5,19622,19622,19622,19622,75035,840,1,2,494,494
ENSP00000312244,ENSP00000269397,768.5,8168.5,0,478,0,3.5,0,0,769.5,19271.5,19621.5,19622,19622,19622,69999,768.5,1,2,218,218
ENSP00000341805,ENSP00000360162,1250.5,26872.5,0,434,0,3.5,0,0,1251.5,19193,19621.5,19622,19622,19622,210414.5,1250.5,1,2,1207,1207
ENSP00000329933,ENSP00000301280,829.5,6743,0,490,0,3.5,0,0,830.5,19332.5,19621.5,19622,19622,19622,92948.5,829.5,1,2,444,444
ENSP00000329933,ENSP00000384629,984,9226,0,494.5,0,3,0,0,985,19454.5,19622,19622,19622,19622,128059.5,984,1,2,309,309
ENSP00000282605,ENSP00000301280,603.5,5297.5,0,378,0,3.5,0,0,604.5,18909.5,19621.5,19622,19622,19622,67295,603.5,1,2,374,374
ENSP00000226319,ENSP00000337976,1120.5,20340,0,420,0,3.5,0,0,1121.5,19341.5,19621.5,19622,19622,19622,178739.5,1120.5,1,2,739,739
ENSP00000483946,ENSP00000340507,908,9375.5,0,486,0,3,0,0,909,19273.5,19622,19622,19622,19622,109697.5,908,1,2,494,494
ENSP00000363124,ENSP00000301280,1057,10474,0,522.5,0,3.5,0,0,1058,19345,19621.5,19622,19622,19622,134460,1057,1,2,444,444
ENSP00000262043,ENSP00000269397,777.5,9103.5,0,468.5,0,3.5,0,0,778.5,19310,19621.5,19622,19622,19622,65064.5,777.5,1,2,218,218
ENSP00000216252,ENSP00000301280,1027,7767,0,522.5,0,4,0,0,1028,19311,19621,19622,19622,19622,153889.5,1027,1,2,381,381
ENSP00000216252,ENSP00000384629,1181.5,10250,0,527,0,3.5,0,0,1182.5,19433,19621.5,19622,19622,19622,189000.5,1181.5,1,2,309,309
ENSP00000216252,ENSP00000252268,829,5774,0,470.5,0,4,0,0,830,19184.5,19620.5,19622,19622,19622,106189,829,1,2,381,381
ENSP00000216252,ENSP00000337976,1479.5,21932,0,527,0,3.5,0,0,1480.5,19426,19621.5,19622,19622,19622,261680.5,1479.5,1,2,381,381
ENSP00000350676,ENSP00000386759,1688,33951,0,523,0,3,0,0,1689,19484,19622,19622,19622,19622,294426.5,1688,1,2,409,409
ENSP00000339764,ENSP00000301280,668.5,5939,0,416.5,0,3.5,0,0,669.5,19173,19621.5,19622,19622,19622,71539.5,668.5,1,2,444,444
ENSP00000380759,ENSP00000337976,1463.5,24177,0,527,0,3,0,0,1464.5,19491,19622,19622,19622,19622,242868,1463.5,1,2,317,317
ENSP00000359095,ENSP00000386759,1736,30135,0,527,0,3,0,0,1737,19478.5,19622,19622,19622,19622,331323,1736,1,2,419,419
ENSP00000343103,ENSP00000301280,960,8046,0,522.5,0,4,0,0,961,19304,19621,19622,19622,19622,118128.5,960,1,2,444,444
ENSP00000343103,ENSP00000337976,1412.5,22211,0,527,0,3.5,0,0,1413.5,19419,19621.5,19622,19622,19622,225919.5,1412.5,1,2,706,706
ENSP00000370114,ENSP00000278823,801.5,4898.5,0,509.5,0,3.5,0,0,802.5,19274.5,19621.5,19622,19622,19622,94428.5,801.5,1,2,397,397
ENSP00000370114,ENSP00000252268,724.5,4995,0,470.5,0,3.5,0,0,725.5,19187,19621,19622,19622,19622,73863,724.5,1,2,464,464
ENSP00000357442,ENSP00000252268,546,3463.5,0,422,0,3.5,0,0,547,19078.5,19621,19622,19622,19622,36097,546,1,2,641,641
ENSP00000362592,ENSP00000337976,1988.5,38140,0,527,0,3,0,0,1989.5,19528.5,19622,19622,19622,19622,407899,1988.5,1,2,739,739
ENSP00000362592,ENSP00000252268,1338,21982,0,470.5,0,3.5,0,0,1339,19287,19621,19622,19622,19622,252407.5,1338,1,2,1204,1204
ENSP00000369424,ENSP00000301280,1575.5,23753.5,0,522.5,0,3.5,0,0,1576.5,19399,19621.5,19622,19622,19622,317269,1575.5,1,2,444,444
ENSP00000338629,ENSP00000252268,636.5,9520,0,420,0,3.5,0,0,637.5,19219.5,19621,19622,19622,19622,31411,636.5,1,2,449,449
ENSP00000473172,ENSP00000337976,2147,69919,0,527,0,3,0,0,2148,19537,19622,19622,19622,19622,479647,2147,1,2,739,739
ENSP00000473172,ENSP00000252268,1496.5,53761,0,470.5,0,3.5,0,0,1497.5,19295.5,19621,19622,19622,19622,324155.5,1496.5,1,2,1162,1162
ENSP00000473172,ENSP00000301280,1694.5,55754,0,522.5,0,3.5,0,0,1695.5,19422,19621.5,19622,19622,19622,371856,1694.5,1,2,444,444
ENSP00000327436,ENSP00000278823,856,9165.5,0,501,0,3.5,0,0,857,19327.5,19621.5,19622,19622,19622,75356.5,856,1,2,397,397
ENSP00000274031,ENSP00000380718,1504.5,23413,0,527,0,3,0,0,1505.5,19460,19622,19622,19622,19622,238870,1504.5,1,2,437,437
ENSP00000384629,ENSP00000301280,1095.5,10340,0,522.5,0,3.5,0,0,1096.5,19397,19621.5,19622,19622,19622,165986,1095.5,1,2,444,444
ENSP00000346175,ENSP00000225983,1310,18270,0,519,0,3,0,0,1311,19484.5,19622,19622,19622,19622,197195,1310,1,2,185,185
ENSP00000373354,ENSP00000278823,836.5,7872.5,0,505,0,3.5,0,0,837.5,19297,19621.5,19622,19622,19622,93985,836.5,1,2,397,397
ENSP00000373354,ENSP00000392617,890.5,9288.5,0,505,0,3,0,0,891.5,19379,19622,19622,19622,19622,90641.5,890.5,1,2,678,678
ENSP00000373354,ENSP00000360162,1538.5,31849,0,522.5,0,3,0,0,1539.5,19463,19622,19622,19622,19622,254352,1538.5,1,2,776,776
ENSP00000373354,ENSP00000301280,957.5,9962,0,518,0,3.5,0,0,958.5,19336,19621.5,19622,19622,19622,121120,957.5,1,2,444,444
ENSP00000373354,ENSP00000337976,1410,24127,0,522.5,0,3,0,0,1411,19451,19622,19622,19622,19622,228911,1410,1,2,739,739
ENSP00000378402,ENSP00000340330,1756,27274.5,0,527,0,3,0,0,1757,19517.5,19622,19622,19622,19622,331023,1756,1,2,238,238
ENSP00000369131,ENSP00000278823,945.5,10824,0,506.5,0,3.5,0,0,946.5,19338.5,19621.5,19622,19622,19622,102742,945.5,1,2,397,397
ENSP00000369131,ENSP00000301280,1066.5,12913.5,0,519.5,0,3.5,0,0,1067.5,19377.5,19621.5,19622,19622,19622,129877,1066.5,1,2,444,444
ENSP00000371638,ENSP00000252268,1142.5,15578,0,470.5,0,3.5,0,0,1143.5,19269,19621,19622,19622,19622,174437.5,1142.5,1,2,1050,1050
ENSP00000371638,ENSP00000301280,1340.5,17571,0,522.5,0,3.5,0,0,1341.5,19395.5,19621.5,19622,19622,19622,222138,1340.5,1,2,444,444
ENSP00000283131,ENSP00000318297,2575,81503.5,0,527,0,3,0,0,2576,19543,19622,19622,19622,19622,636781,2575,1,2,392,392
ENSP00000349823,ENSP00000301280,1177.5,14787,0,522.5,0,3.5,0,0,1178.5,19361.5,19621.5,19622,19622,19622,165784.5,1177.5,1,2,444,444
ENSP00000349823,ENSP00000252268,979.5,12794,0,470.5,0,3.5,0,0,980.5,19235,19621,19622,19622,19622,118084,979.5,1,2,1204,1204
ENSP00000349823,ENSP00000318297,1906,59420,0,527,0,3,0,0,1907,19489,19622,19622,19622,19622,401710.5,1906,1,2,392,392
ENSP00000449396,ENSP00000252268,986,11099.5,0,470.5,0,3.5,0,0,987,19250,19621,19622,19622,19622,123113,986,1,2,1204,1204
ENSP00000449396,ENSP00000337976,1636.5,27257.5,0,527,0,3,0,0,1637.5,19491.5,19622,19622,19622,19622,278604.5,1636.5,1,2,739,739
ENSP00000449396,ENSP00000301280,1184,13092.5,0,522.5,0,3.5,0,0,1185,19376.5,19621.5,19622,19622,19622,170813.5,1184,1,2,444,444
ENSP00000378414,ENSP00000337976,1439.5,23243.5,0,524,0,3,0,0,1440.5,19455,19622,19622,19622,19622,233870.5,1439.5,1,2,385,385
ENSP00000392617,ENSP00000337976,1326.5,21348.5,0,509.5,0,3,0,0,1327.5,19433,19622,19622,19622,19622,208187.5,1326.5,1,2,525,525
ENSP00000392617,ENSP00000301280,874,7183.5,0,505,0,3.5,0,0,875,19318,19621.5,19622,19622,19622,100396.5,874,1,2,444,444
ENSP00000392617,ENSP00000252268,676,5190.5,0,453,0,3.5,0,0,677,19191.5,19621,19622,19622,19622,52696,676,1,2,525,525
ENSP00000323967,ENSP00000252268,780.5,6281,0,470.5,0,3.5,0,0,781.5,19211,19621,19622,19622,19622,81392,780.5,1,2,605,605
ENSP00000323967,ENSP00000301280,978.5,8274,0,522.5,0,3.5,0,0,979.5,19337.5,19621.5,19622,19622,19622,129092.5,978.5,1,2,444,444
ENSP00000355924,ENSP00000337976,1395.5,22301,0,524,0,3,0,0,1396.5,19424.5,19622,19622,19622,19622,228258,1395.5,1,2,739,739
ENSP00000355924,ENSP00000301280,943,8136,0,519.5,0,3.5,0,0,944,19309.5,19621.5,19622,19622,19622,120467,943,1,2,444,444
ENSP00000355924,ENSP00000269397,804.5,7109.5,0,490,0,3.5,0,0,805.5,19280.5,19621.5,19622,19622,19622,84952.5,804.5,1,2,218,218
ENSP00000375899,ENSP00000252268,573,6127,0,415,0,3.5,0,0,574,19130.5,19621,19622,19622,19622,36213.5,573,1,2,559,559
ENSP00000375899,ENSP00000301280,771,8120,0,467,0,3.5,0,0,772,19257,19621.5,19622,19622,19622,83914,771,1,2,444,444
ENSP00000375899,ENSP00000337976,1223.5,22285,0,471.5,0,3,0,0,1224.5,19372,19622,19622,19622,19622,191705,1223.5,1,2,559,559
ENSP00000346997,ENSP00000380718,1478.5,28007,0,527,0,3,0,0,1479.5,19471,19622,19622,19622,19622,218345.5,1478.5,1,2,437,437
ENSP00000481091,ENSP00000301280,762,6801,0,473.5,0,4,0,0,763,19224.5,19621,19622,19622,19622,82550.5,762,1,2,444,444
ENSP00000418379,ENSP00000380718,1129,19967,0,477,0,3,0,0,1130,19397.5,19622,19622,19622,19622,149768.5,1129,1,2,295,295
ENSP00000418379,ENSP00000278823,640.5,5161.5,0,459.5,0,3.5,0,0,641.5,19249.5,19621.5,19622,19622,19622,57322.5,640.5,1,2,295,295
ENSP00000418379,ENSP00000252268,563.5,5258,0,420.5,0,3.5,0,0,564.5,19162,19621,19622,19622,19622,36757,563.5,1,2,295,295
ENSP00000365433,ENSP00000278823,770.5,8288,0,499,0,3.5,0,0,771.5,19277,19621.5,19622,19622,19622,77774.5,770.5,1,2,352,352
ENSP00000365433,ENSP00000360162,1472.5,32264.5,0,516.5,0,3,0,0,1473.5,19443,19622,19622,19622,19622,238141.5,1472.5,1,2,352,352
ENSP00000365433,ENSP00000252268,693.5,8384.5,0,460,0,3.5,0,0,694.5,19189.5,19621,19622,19622,19622,57209,693.5,1,2,352,352
ENSP00000352463,ENSP00000252268,865,10648.5,0,469,0,3.5,0,0,866,19251,19621,19622,19622,19622,83893.5,865,1,2,704,704
ENSP00000269305,ENSP00000252268,3994,445384.5,0,470.5,0,3.5,0,0,3995,19316,19621,19622,19622,19622,1327332,3994,1,2,273,273
ENSP00000371475,ENSP00000386759,1965.5,35815.5,0,527,0,3,0,0,1966.5,19543,19622,19622,19622,19622,405237,1965.5,1,2,419,419
ENSP00000352925,ENSP00000318297,2113.5,67469.5,0,527,0,3,0,0,2114.5,19527,19622,19622,19622,19622,444196.5,2113.5,1,2,392,392
ENSP00000352925,ENSP00000301280,1385,22836.5,0,522.5,0,3.5,0,0,1386,19399.5,19621.5,19622,19622,19622,208270.5,1385,1,2,444,444
ENSP00000352925,ENSP00000252268,1187,20843.5,0,470.5,0,3.5,0,0,1188,19273,19621,19622,19622,19622,160570,1187,1,2,600,600
ENSP00000410943,ENSP00000384629,809,8459,0,413,0,3.5,0,0,810,19225,19621.5,19622,19622,19622,105008,809,1,2,309,309
ENSP00000264255,ENSP00000318297,1913.5,57460,0,527,0,3,0,0,1914.5,19513,19622,19622,19622,19622,409762,1913.5,1,2,308,308
ENSP00000263461,ENSP00000301280,675,5576,0,426,0,4,0,0,676,19118.5,19621,19622,19622,19622,71351.5,675,1,2,444,444
ENSP00000275034,ENSP00000301280,1128.5,12740,0,522.5,0,3.5,0,0,1129.5,19356.5,19621.5,19622,19622,19622,140658.5,1128.5,1,3,100,100
ENSP00000263461,ENSP00000384629,829.5,8059,0,430.5,0,3.5,0,0,830.5,19240.5,19621.5,19622,19622,19622,106462.5,829.5,1,2,309,309
ENSP00000275034,ENSP00000384629,1283,15223,0,527,0,3,0,0,1284,19478.5,19622,19622,19622,19622,175769.5,1283,1,2,100,100
ENSP00000373278,ENSP00000252268,591,4674,0,423.5,0,3.5,0,0,592,19189,19621,19622,19622,19622,41977,591,1,2,293,293
ENSP00000361965,ENSP00000361021,3196.5,108382,0,527,0,3,0,0,3197.5,19551,19622,19622,19622,19622,925680.5,3196.5,1,2,564,564
ENSP00000419060,ENSP00000361021,3952,138167.5,0,527,0,3,0,0,3953,19585,19622,19622,19622,19622,1236740,3952,1,2,564,564
ENSP00000418915,ENSP00000361021,4547.5,172282,0,527,0,3,0,0,4548.5,19588.5,19622,19622,19622,19622,1471004,4547.5,1,2,487,487
ENSP00000335153,ENSP00000361021,5004,197295,0,527,0,3,0,0,5005,19595,19622,19622,19622,19622,1762336.5,5004,1,2,564,564
ENSP00000367203,ENSP00000361021,4560.5,198668,0,527,0,3,0,0,4561.5,19589.5,19622,19622,19622,19622,1406550.5,4560.5,1,2,520,520
ENSP00000288135,ENSP00000269305,5079.5,469138,0,527,0,3,0,0,5080.5,19589.5,19622,19622,19622,19622,1701733,5079.5,1,2,392,392
ENSP00000288135,ENSP00000249373,2048.5,34555.5,0,527,0,3,0,0,2049.5,19544,19622,19622,19622,19622,519125.5,2048.5,1,2,392,392
ENSP00000288135,ENSP00000478305,1532.5,27276,0,409,0,3.5,0,0,1533.5,19253,19621.5,19622,19622,19622,397012,1532.5,1,2,392,392
ENSP00000317272,ENSP00000361021,3690.5,124632.5,0,527,0,3,0,0,3691.5,19577.5,19622,19622,19622,19622,1128575.5,3690.5,1,2,560,560
ENSP00000466111,ENSP00000361021,2764,100348,0,505.5,0,3,0,0,2765,19398.5,19622,19622,19622,19622,819542,2764,1,2,506,506
ENSP00000351015,ENSP00000361021,3681,125300,0,527,0,3,0,0,3682,19577.5,19622,19622,19622,19622,1087759,3681,1,2,442,442
ENSP00000397552,ENSP00000263205,1677.5,26353.5,0,510,0,3.5,0,0,1678.5,19437,19621.5,19622,19622,19622,343888,1677.5,1,2,293,293
ENSP00000397552,ENSP00000419765,1559.5,23759.5,0,489.5,0,3,0,0,1560.5,19448.5,19622,19622,19622,19622,332483,1559.5,1,2,1198,1198
ENSP00000397552,ENSP00000290663,1489,23679.5,0,454,0,3.5,0,0,1490,19293.5,19621.5,19622,19622,19622,318822.5,1489,1,2,308,308
ENSP00000397552,ENSP00000285873,1800,25531,0,527,0,3,0,0,1801,19464,19622,19622,19622,19622,388234,1800,1,2,353,353
ENSP00000397552,ENSP00000261600,1680,27248,0,517.5,0,3.5,0,0,1681,19483.5,19621,19622,19622,19622,351251.5,1680,1,2,1198,1198
ENSP00000397552,ENSP00000359518,1546,24210,0,485.5,0,3,0,0,1547,19374.5,19622,19622,19622,19622,327287,1546,1,2,605,605
ENSP00000397552,ENSP00000265056,1954.5,27260.5,0,527,0,3,0,0,1955.5,19548.5,19622,19622,19622,19622,446337.5,1954.5,1,2,551,551
ENSP00000397552,ENSP00000349543,1481.5,23334.5,0,454.5,0,3,0,0,1482.5,19278,19622,19622,19622,19622,317795,1481.5,1,2,326,326
ENSP00000397552,ENSP00000351159,1723.5,26401,0,523.5,0,3,0,0,1724.5,19475,19622,19622,19622,19622,357384.5,1723.5,1,2,720,720
ENSP00000397552,ENSP00000256398,1975,32970.5,0,527,0,3.5,0,0,1976,19510.5,19621.5,19622,19622,19622,409835.5,1975,1,2,768,768
ENSP00000397552,ENSP00000323720,2429,108440.5,0,527,0,3,0,0,2430,19549.5,19622,19622,19622,19622,422393,2429,1,2,440,440
ENSP00000397552,ENSP00000221265,1641.5,24654,0,515,0,3.5,0,0,1642.5,19445,19621.5,19622,19622,19622,346007.5,1641.5,1,2,1198,1198
ENSP00000397552,ENSP00000286317,1676,27940.5,0,498.5,0,3,0,0,1677,19455,19622,19622,19622,19622,333824,1676,1,2,950,950
ENSP00000336842,ENSP00000458977,964,30235,0,460,0,3,0,0,965,19392.5,19622,19622,19622,19622,85554,964,1,2,869,869
ENSP00000336842,ENSP00000262518,1366,32546.5,0,523,0,3,0,0,1367,19464.5,19622,19622,19622,19622,181429.5,1366,1,2,556,556
ENSP00000336842,ENSP00000369424,1772.5,45055,0,523,0,3,0,0,1773.5,19491.5,19622,19622,19622,19622,320590.5,1772.5,1,2,606,606
ENSP00000336842,ENSP00000337088,1639.5,38875,0,523,0,3,0,0,1640.5,19498.5,19622,19622,19622,19622,263800.5,1639.5,1,2,255,255
ENSP00000336842,ENSP00000338186,1410.5,33207,0,523,0,3,0,0,1411.5,19467,19622,19622,19622,19622,202536,1410.5,1,2,352,352
ENSP00000336842,ENSP00000256429,869,25812.5,0,440,0,3.5,0,0,870,19156.5,19621,19622,19622,19622,84712,869,1,2,869,869
ENSP00000419765,ENSP00000352925,1235,21329.5,0,489.5,0,3,0,0,1236,19426,19622,19622,19622,19622,167390,1235,1,2,403,403
ENSP00000419765,ENSP00000323720,1510.5,89524,0,489.5,0,3,0,0,1511.5,19429,19622,19622,19622,19622,139024,1510.5,1,2,440,440
ENSP00000419765,ENSP00000336868,1302,17327.5,0,489.5,0,3,0,0,1303,19420,19622,19622,19622,19622,231239,1302,1,2,199,199
ENSP00000419765,ENSP00000290663,570.5,4763,0,416.5,0,3.5,0,0,571.5,19173,19621.5,19622,19622,19622,35453.5,570.5,1,2,308,308
ENSP00000419765,ENSP00000285873,881.5,6614.5,0,489.5,0,3,0,0,882.5,19343.5,19622,19622,19622,19622,104865,881.5,1,2,353,353
ENSP00000419765,ENSP00000307288,1380.5,19585,0,489.5,0,3,0,0,1381.5,19440,19622,19622,19622,19622,257884.5,1380.5,1,2,489,489
ENSP00000419765,ENSP00000265056,1036,8344,0,489.5,0,3,0,0,1037,19428,19622,19622,19622,19622,162968.5,1036,1,2,489,489
ENSP00000419765,ENSP00000320949,1082,12141.5,0,489.5,0,3,0,0,1083,19431.5,19622,19622,19622,19622,154305.5,1082,1,2,489,489
ENSP00000308750,ENSP00000374280,923,8375.5,0,493,0,3,0,0,924,19352,19622,19622,19622,19622,114733.5,923,1,2,352,352
ENSP00000308750,ENSP00000336868,1310,17375,0,493,0,3,0,0,1311,19369,19622,19622,19622,19622,238468.5,1310,1,2,199,199
ENSP00000269385,ENSP00000457016,835.5,11284.5,0,472.5,0,3.5,0,0,836.5,19320.5,19621.5,19622,19622,19622,65942.5,835.5,1,2,864,864
ENSP00000336868,ENSP00000245838,1685.5,24618.5,0,527,0,3,0,0,1686.5,19485,19622,19622,19622,19622,317164,1685.5,1,2,496,496
ENSP00000336868,ENSP00000345837,1853.5,35425.5,0,527,0,3,0,0,1854.5,19507,19622,19622,19622,19622,326284.5,1853.5,1,2,560,560
ENSP00000336868,ENSP00000351446,2032,33252.5,0,527,0,3,0,0,2033,19526,19622,19622,19622,19622,431053,2032,1,2,404,404
ENSP00000336868,ENSP00000263205,1420,19921.5,0,510,0,3.5,0,0,1421,19408.5,19621.5,19622,19622,19622,242644,1420,1,2,293,293
ENSP00000336868,ENSP00000309555,1447,18307.5,0,525.5,0,3.5,0,0,1448,19438,19621.5,19622,19622,19622,264876,1447,1,2,1920,1920
ENSP00000336868,ENSP00000352925,1896,33814,0,527,0,3,0,0,1897,19518,19622,19622,19622,19622,349515,1896,1,2,403,403
ENSP00000336868,ENSP00000374280,1576,20812.5,0,527,0,3,0,0,1577,19495,19622,19622,19622,19622,289629,1576,1,2,1179,1179
ENSP00000440542,ENSP00000307288,2236,36805.5,0,527,0,3,0,0,2237,19558,19622,19622,19622,19622,515368,2236,1,2,626,626
ENSP00000440542,ENSP00000265056,1891.5,25564.5,0,527,0,3,0,0,1892.5,19546,19622,19622,19622,19622,420452,1891.5,1,2,551,551
ENSP00000440542,ENSP00000285873,1737,23835,0,527,0,3,0,0,1738,19461.5,19622,19622,19622,19622,362348.5,1737,1,2,353,353
ENSP00000440542,ENSP00000263205,1614.5,24657.5,0,510,0,3.5,0,0,1615.5,19434.5,19621.5,19622,19622,19622,318002.5,1614.5,1,2,293,293
ENSP00000440542,ENSP00000261600,1617,25552,0,517.5,0,3.5,0,0,1618,19481,19621,19622,19622,19622,325366,1617,1,2,780,780
ENSP00000440542,ENSP00000429065,1547,24453.5,0,503.5,0,3.5,0,0,1548,19400,19621.5,19622,19622,19622,310407,1547,1,2,780,780
ENSP00000351159,ENSP00000352925,1399,23971,0,523.5,0,3,0,0,1400,19452.5,19622,19622,19622,19622,192291.5,1399,1,2,403,403
ENSP00000351159,ENSP00000221265,887,8379,0,511.5,0,3.5,0,0,888,19351,19621.5,19622,19622,19622,87540,887,1,2,557,557
ENSP00000351159,ENSP00000349543,727,7059.5,0,451,0,3,0,0,728,19184,19622,19622,19622,19622,59327.5,727,1,2,326,326
ENSP00000351159,ENSP00000429065,855.5,9874.5,0,500,0,3.5,0,0,856.5,19308.5,19621.5,19622,19622,19622,77825,855.5,1,2,557,557
ENSP00000351159,ENSP00000323720,1674.5,92165.5,0,523.5,0,3,0,0,1675.5,19455.5,19622,19622,19622,19622,163925.5,1674.5,1,2,440,440
ENSP00000351159,ENSP00000245838,1188.5,14775.5,0,523.5,0,3,0,0,1189.5,19419.5,19622,19622,19622,19622,159940.5,1188.5,1,2,496,496
ENSP00000351159,ENSP00000307288,1544.5,22226.5,0,523.5,0,3,0,0,1545.5,19466.5,19622,19622,19622,19622,282786,1544.5,1,2,557,557
ENSP00000351159,ENSP00000286317,921.5,11665.5,0,495,0,3,0,0,922.5,19361,19622,19622,19622,19622,75356.5,921.5,1,2,557,557
ENSP00000351159,ENSP00000256398,1220.5,16695.5,0,523.5,0,3.5,0,0,1221.5,19416.5,19621.5,19622,19622,19622,151368,1220.5,1,2,557,557
ENSP00000351159,ENSP00000374280,1079,10969.5,0,523.5,0,3,0,0,1080,19429.5,19622,19622,19622,19622,132405.5,1079,1,2,557,557
ENSP00000355013,ENSP00000436786,1875,29956.5,0,527,0,3,0,0,1876,19546,19622,19622,19622,19622,330155.5,1875,1,2,454,454
ENSP00000390475,ENSP00000054650,708.5,9741.5,0,344.5,0,3.5,0,0,709.5,18742,19620.5,19622,19622,19622,65809,708.5,1,2,366,366
ENSP00000390475,ENSP00000290663,866,11382.5,0,448.5,0,3.5,0,0,867,19239.5,19621.5,19622,19622,19622,75981,866,1,2,308,308
ENSP00000390475,ENSP00000301067,1330.5,18818,0,521.5,0,3,0,0,1331.5,19480.5,19622,19622,19622,19622,175336,1330.5,1,2,100,100
ENSP00000345837,ENSP00000233630,1143.5,22865,0,465,0,3.5,0,0,1144.5,19271,19621.5,19622,19622,19622,134056,1143.5,1,2,381,381
ENSP00000338186,ENSP00000285873,1304,12170,0,527,0,3,0,0,1305,19416.5,19622,19622,19622,19622,214085,1304,1,2,353,353
ENSP00000256398,ENSP00000352925,1650.5,30540.5,0,527,0,3.5,0,0,1651.5,19488,19621.5,19622,19622,19622,244742.5,1650.5,1,2,403,403
ENSP00000256398,ENSP00000263205,1174.5,16648,0,510,0,4,0,0,1175.5,19378.5,19621,19622,19622,19622,137871.5,1174.5,1,2,293,293
ENSP00000256398,ENSP00000285873,1297,15825.5,0,527,0,3.5,0,0,1298,19405.5,19621.5,19622,19622,19622,182217.5,1297,1,2,353,353
ENSP00000256398,ENSP00000429065,1107,16444,0,503.5,0,4,0,0,1108,19344,19621,19622,19622,19622,130276,1107,1,2,454,454
ENSP00000256398,ENSP00000374280,1330.5,17539,0,527,0,3.5,0,0,1331.5,19465,19621.5,19622,19622,19622,184856.5,1330.5,1,2,454,454
ENSP00000256398,ENSP00000316578,1549,24533.5,0,527,0,3.5,0,0,1550,19482.5,19621.5,19622,19622,19622,255548,1549,1,2,454,454
ENSP00000256398,ENSP00000323720,1926,98735,0,527,0,3.5,0,0,1927,19491,19621.5,19622,19622,19622,216376.5,1926,1,2,440,440
ENSP00000256398,ENSP00000286317,1173,18235,0,498.5,0,3.5,0,0,1174,19396.5,19621.5,19622,19622,19622,127807.5,1173,1,2,454,454
ENSP00000256398,ENSP00000349543,978.5,13629,0,454.5,0,3.5,0,0,979.5,19219.5,19621.5,19622,19622,19622,111778.5,978.5,1,2,326,326
ENSP00000256398,ENSP00000307288,1796,28796,0,527,0,3.5,0,0,1797,19502,19621.5,19622,19622,19622,335237,1796,1,2,454,454
ENSP00000256398,ENSP00000221265,1138.5,14948.5,0,515,0,4,0,0,1139.5,19386.5,19621,19622,19622,19622,139991,1138.5,1,2,454,454
ENSP00000374212,ENSP00000286317,1301,23954.5,0,498.5,0,3,0,0,1302,19427,19622,19622,19622,19622,173957.5,1301,1,2,950,950
ENSP00000285873,ENSP00000245838,1265,13905.5,0,527,0,3,0,0,1266,19408.5,19622,19622,19622,19622,190790,1265,1,2,496,496
ENSP00000285873,ENSP00000263205,999.5,9208.5,0,510,0,3.5,0,0,1000.5,19332,19621.5,19622,19622,19622,116270,999.5,1,2,293,293
ENSP00000285873,ENSP00000362592,1626.5,24239.5,0,527,0,3,0,0,1627.5,19455.5,19622,19622,19622,19622,314978.5,1626.5,1,2,939,939
ENSP00000285873,ENSP00000318297,1760,52754.5,0,527,0,3,0,0,1761,19444.5,19622,19622,19622,19622,381671.5,1760,1,2,392,392
ENSP00000285873,ENSP00000221265,963.5,7509,0,515,0,3.5,0,0,964.5,19340,19621.5,19622,19622,19622,118389.5,963.5,1,2,1446,1446
ENSP00000285873,ENSP00000233630,832.5,6538.5,0,465,0,3.5,0,0,833.5,19199.5,19621.5,19622,19622,19622,94761.5,832.5,1,2,381,381
ENSP00000285873,ENSP00000386593,1328,17003.5,0,527,0,3,0,0,1329,19441.5,19622,19622,19622,19622,197612.5,1328,1,2,557,557
ENSP00000285873,ENSP00000349543,803.5,6189.5,0,454.5,0,3,0,0,804.5,19173,19622,19622,19622,19622,90177,803.5,1,2,326,326
ENSP00000309555,ENSP00000391457,725,9370,0,455,0,3.5,0,0,726,19202,19621.5,19622,19622,19622,72744,725,1,2,500,500
ENSP00000309555,ENSP00000316578,1278.5,16302.5,0,525.5,0,3.5,0,0,1279.5,19438.5,19621.5,19622,19622,19622,211832.5,1278.5,1,2,475,475
ENSP00000309555,ENSP00000363779,1064,9756.5,0,525.5,0,3.5,0,0,1065,19402.5,19621.5,19622,19622,19622,138575,1064,1,2,500,500
ENSP00000309555,ENSP00000349543,708,5398,0,453,0,3.5,0,0,709,19175.5,19621.5,19622,19622,19622,68063,708,1,2,326,326
ENSP00000309555,ENSP00000221265,868,6717.5,0,513.5,0,4,0,0,869,19342.5,19621,19622,19622,19622,96275.5,868,1,2,500,500
ENSP00000309555,ENSP00000263205,904,8417,0,508.5,0,4,0,0,905,19334.5,19621,19622,19622,19622,94156,904,1,2,293,293
ENSP00000309555,ENSP00000374280,1060,9308,0,525.5,0,3.5,0,0,1061,19421,19621.5,19622,19622,19622,141141,1060,1,2,500,500
ENSP00000363779,ENSP00000263205,1037,11370.5,0,510,0,3.5,0,0,1038,19373,19621.5,19622,19622,19622,116343,1037,1,2,293,293
ENSP00000363779,ENSP00000290663,848.5,8696.5,0,454,0,3.5,0,0,849.5,19229.5,19621.5,19622,19622,19622,91277.5,848.5,1,2,308,308
ENSP00000363779,ENSP00000374280,1193,12261.5,0,527,0,3,0,0,1194,19459.5,19622,19622,19622,19622,163328,1193,1,2,787,787
ENSP00000497609,ENSP00000263205,1195.5,12966.5,0,510,0,3.5,0,0,1196.5,19379,19621.5,19622,19622,19622,158024,1195.5,1,2,293,293
ENSP00000391457,ENSP00000286317,696.5,12571,0,428,0,3,0,0,697.5,19190.5,19622,19622,19622,19622,40448,696.5,1,2,835,835
ENSP00000457016,ENSP00000290663,727.5,10533.5,0,428.5,0,4,0,0,728.5,19207,19621,19622,19622,19622,42149,727.5,1,2,308,308
ENSP00000457016,ENSP00000262519,1348,19406,0,501.5,0,3.5,0,0,1349,19446.5,19621.5,19622,19622,19622,201081.5,1348,1,2,735,735
ENSP00000457016,ENSP00000307288,1537.5,25355.5,0,501.5,0,3.5,0,0,1538.5,19474,19621.5,19622,19622,19622,264580,1537.5,1,2,626,626
ENSP00000429065,ENSP00000221265,773.5,8127.5,0,491.5,0,4,0,0,774.5,19278.5,19621,19622,19622,19622,66448,773.5,1,2,365,365
ENSP00000429065,ENSP00000318297,1570,53373,0,503.5,0,3.5,0,0,1571,19383,19621.5,19622,19622,19622,329730,1570,1,2,365,365
ENSP00000429065,ENSP00000290663,621,7153,0,430.5,0,4,0,0,622,19127,19621,19622,19622,19622,39263,621,1,2,308,308
ENSP00000429065,ENSP00000349543,613.5,6808,0,431,0,3.5,0,0,614.5,19111.5,19621.5,19622,19622,19622,38235.5,613.5,1,2,326,326
ENSP00000429065,ENSP00000374280,965.5,10718,0,503.5,0,3.5,0,0,966.5,19357,19621.5,19622,19622,19622,111313.5,965.5,1,2,365,365
ENSP00000429065,ENSP00000263205,809.5,9827,0,486.5,0,4,0,0,810.5,19270.5,19621,19622,19622,19622,64328.5,809.5,1,2,293,293
ENSP00000340330,ENSP00000262518,1528.5,19190.5,0,527,0,3,0,0,1529.5,19500,19622,19622,19622,19622,270005,1528.5,1,2,556,556
ENSP00000383042,ENSP00000245838,1788.5,29118.5,0,527,0,3,0,0,1789.5,19506,19622,19622,19622,19622,349680,1788.5,1,2,496,496
ENSP00000383042,ENSP00000352925,1999,38314,0,527,0,3,0,0,2000,19539,19622,19622,19622,19622,382031,1999,1,2,403,403
ENSP00000436786,ENSP00000374280,1490,19410.5,0,527,0,3,0,0,1491,19512,19622,19622,19622,19622,244719,1490,1,2,1179,1179
ENSP00000436786,ENSP00000359518,1202.5,16376,0,485.5,0,3,0,0,1203.5,19363,19622,19622,19622,19622,181133,1202.5,1,2,605,605
ENSP00000436786,ENSP00000290663,1145.5,15845.5,0,454,0,3.5,0,0,1146.5,19282,19621.5,19622,19622,19622,172668.5,1145.5,1,2,308,308
ENSP00000436786,ENSP00000265056,1611,19426.5,0,527,0,3,0,0,1612,19537,19622,19622,19622,19622,300183.5,1611,1,2,551,551
ENSP00000436786,ENSP00000323720,2085.5,100606.5,0,527,0,3,0,0,2086.5,19538,19622,19622,19622,19622,276239,2085.5,1,2,440,440
ENSP00000436786,ENSP00000349543,1138,15500.5,0,454.5,0,3,0,0,1139,19266.5,19622,19622,19622,19622,171641,1138,1,2,326,326
ENSP00000436786,ENSP00000307288,1955.5,30667.5,0,527,0,3,0,0,1956.5,19549,19622,19622,19622,19622,395099.5,1955.5,1,2,626,626
ENSP00000436786,ENSP00000318297,2094.5,62065.5,0,527,0,3,0,0,2095.5,19538,19622,19622,19622,19622,463135.5,2094.5,1,2,392,392
ENSP00000436786,ENSP00000263205,1334,18519.5,0,510,0,3.5,0,0,1335,19425.5,19621.5,19622,19622,19622,197734,1334,1,2,293,293
ENSP00000307288,ENSP00000261600,1501,23073.5,0,517.5,0,3.5,0,0,1502,19475,19621,19622,19622,19622,276653,1501,1,2,739,739
ENSP00000265056,ENSP00000261600,1156.5,11832.5,0,517.5,0,3.5,0,0,1157.5,19463,19621,19622,19622,19622,181737,1156.5,1,2,1177,1177
ENSP00000307288,ENSP00000352925,1974.5,36071.5,0,527,0,3,0,0,1975.5,19538,19622,19622,19622,19622,376160.5,1974.5,1,2,403,403
ENSP00000265056,ENSP00000352925,1630,24830.5,0,527,0,3,0,0,1631,19526,19622,19622,19622,19622,281244.5,1630,1,2,403,403
ENSP00000307288,ENSP00000263205,1498.5,22179,0,510,0,3.5,0,0,1499.5,19428.5,19621.5,19622,19622,19622,269289.5,1498.5,1,2,293,293
ENSP00000265056,ENSP00000263205,1154,10938,0,510,0,3.5,0,0,1155,19416.5,19621.5,19622,19622,19622,174373.5,1154,1,2,293,293
ENSP00000307288,ENSP00000363193,1746.5,27267,0,527,0,3,0,0,1747.5,19521.5,19622,19622,19622,19622,325295.5,1746.5,1,2,739,739
ENSP00000265056,ENSP00000363193,1402,16026,0,527,0,3,0,0,1403,19509.5,19622,19622,19622,19622,230379.5,1402,1,2,869,869
ENSP00000307288,ENSP00000296490,1651,23384.5,0,527,0,3,0,0,1652,19495,19622,19622,19622,19622,305021.5,1651,1,2,739,739
ENSP00000265056,ENSP00000221265,1118,9238.5,0,515,0,3.5,0,0,1119,19424.5,19621.5,19622,19622,19622,176493,1118,1,2,1177,1177
ENSP00000307288,ENSP00000374280,1654.5,23070,0,527,0,3,0,0,1655.5,19515,19622,19622,19622,19622,316274.5,1654.5,1,2,739,739
ENSP00000265056,ENSP00000374280,1310,11829,0,527,0,3,0,0,1311,19503,19622,19622,19622,19622,221358.5,1310,1,2,1177,1177
ENSP00000307288,ENSP00000318297,2259,65725,0,527,0,3,0,0,2260,19541,19622,19622,19622,19622,534691,2259,1,2,392,392
ENSP00000265056,ENSP00000318297,1914.5,54484,0,527,0,3,0,0,1915.5,19529,19622,19622,19622,19622,439775,1914.5,1,2,392,392
ENSP00000307288,ENSP00000349543,1302.5,19160,0,454.5,0,3,0,0,1303.5,19269.5,19622,19622,19622,19622,243196.5,1302.5,1,2,326,326
ENSP00000265056,ENSP00000349543,958,7919,0,454.5,0,3,0,0,959,19257.5,19622,19622,19622,19622,148280.5,958,1,2,326,326
ENSP00000307288,ENSP00000323720,2250,104266,0,527,0,3,0,0,2251,19541,19622,19622,19622,19622,347794.5,2250,1,2,440,440
ENSP00000265056,ENSP00000323720,1905.5,93025,0,527,0,3,0,0,1906.5,19529,19622,19622,19622,19622,252878.5,1905.5,1,2,440,440
ENSP00000363193,ENSP00000318297,1885.5,58665,0,527,0,3,0,0,1886.5,19510.5,19622,19622,19622,19622,393331.5,1885.5,1,2,392,392
ENSP00000363193,ENSP00000263205,1125,15119,0,510,0,3.5,0,0,1126,19398,19621.5,19622,19622,19622,127930,1125,1,2,293,293
ENSP00000363193,ENSP00000323720,1876.5,97206,0,527,0,3,0,0,1877.5,19510.5,19622,19622,19622,19622,206435,1876.5,1,2,440,440
ENSP00000363193,ENSP00000374280,1281,16010,0,527,0,3,0,0,1282,19484.5,19622,19622,19622,19622,174915,1281,1,2,860,860
ENSP00000323720,ENSP00000337088,2162,100747.5,0,527,0,3,0,0,2163,19533.5,19622,19622,19622,19622,309508.5,2162,1,2,255,255
ENSP00000323720,ENSP00000349543,1432.5,89099,0,454.5,0,3,0,0,1433.5,19258.5,19622,19622,19622,19622,124336,1432.5,1,2,326,326
ENSP00000323720,ENSP00000221265,1592.5,90418.5,0,515,0,3.5,0,0,1593.5,19425.5,19621.5,19622,19622,19622,152548.5,1592.5,1,2,1446,1446
ENSP00000323720,ENSP00000290663,1440,89444,0,454,0,3.5,0,0,1441,19274,19621.5,19622,19622,19622,125363.5,1440,1,2,308,308
ENSP00000323720,ENSP00000392617,1593.5,90357.5,0,509.5,0,3,0,0,1594.5,19445.5,19622,19622,19622,19622,149426,1593.5,1,2,678,678
ENSP00000323720,ENSP00000257118,1382.5,88631.5,0,423,0,3.5,0,0,1383.5,19230,19621.5,19622,19622,19622,122171.5,1382.5,1,2,753,753
ENSP00000323720,ENSP00000286317,1627,93705,0,498.5,0,3,0,0,1628,19435.5,19622,19622,19622,19622,140365,1627,1,2,950,950
ENSP00000323720,ENSP00000263205,1628.5,92118,0,510,0,3.5,0,0,1629.5,19417.5,19621.5,19622,19622,19622,150429,1628.5,1,2,293,293
ENSP00000323720,ENSP00000352925,2104.5,106010.5,0,527,0,3,0,0,2105.5,19527,19622,19622,19622,19622,257300,2104.5,1,2,403,403
ENSP00000323720,ENSP00000374280,1784.5,93009,0,527,0,3,0,0,1785.5,19504,19622,19622,19622,19622,197414,1784.5,1,2,1179,1179
ENSP00000263205,ENSP00000374280,1033,10922,0,510,0,3.5,0,0,1034,19391.5,19621.5,19622,19622,19622,118909,1033,1,2,397,397
ENSP00000263205,ENSP00000286317,875.5,11618,0,481.5,0,3.5,0,0,876.5,19323,19621.5,19622,19622,19622,61860,875.5,1,2,397,397
ENSP00000263205,ENSP00000318297,1637.5,53577,0,510,0,3.5,0,0,1638.5,19417.5,19621.5,19622,19622,19622,337325.5,1637.5,1,2,392,392
ENSP00000263205,ENSP00000349543,681,7012,0,437.5,0,3.5,0,0,682,19146,19621.5,19622,19622,19622,45831,681,1,2,326,326
ENSP00000263205,ENSP00000221265,841,8331.5,0,498,0,4,0,0,842,19313,19621,19622,19622,19622,74043.5,841,1,2,397,397
ENSP00000263205,ENSP00000352925,1353,23923.5,0,510,0,3.5,0,0,1354,19414.5,19621.5,19622,19622,19622,178795,1353,1,2,397,397
ENSP00000263205,ENSP00000362592,1504,25062,0,510,0,3.5,0,0,1505,19428.5,19621.5,19622,19622,19622,270632.5,1504,1,2,397,397
ENSP00000263205,ENSP00000261600,879.5,10925.5,0,500.5,0,4,0,0,880.5,19351.5,19620.5,19622,19622,19622,79287.5,879.5,1,2,397,397
ENSP00000251871,ENSP00000369424,1651.5,27452,0,519.5,0,3,0,0,1652.5,19499.5,19622,19622,19622,19622,300746.5,1651.5,1,2,606,606
ENSP00000251871,ENSP00000262518,1245,14943.5,0,519.5,0,3,0,0,1246,19472.5,19622,19622,19622,19622,161585.5,1245,1,2,556,556
ENSP00000258648,ENSP00000286317,837.5,10247,0,481,0,3.5,0,0,838.5,19263,19621.5,19622,19622,19622,60675,837.5,1,2,950,950
ENSP00000258648,ENSP00000392617,804,6899.5,0,492,0,3.5,0,0,805,19273,19621.5,19622,19622,19622,69736,804,1,2,678,678
ENSP00000286317,ENSP00000352925,1351.5,25510.5,0,498.5,0,3,0,0,1352.5,19432.5,19622,19622,19622,19622,168731,1351.5,1,2,403,403
ENSP00000286317,ENSP00000374280,1031.5,12509,0,498.5,0,3,0,0,1032.5,19409.5,19622,19622,19622,19622,108845,1031.5,1,2,475,475
ENSP00000286317,ENSP00000318297,1636,55164,0,498.5,0,3,0,0,1637,19435.5,19622,19622,19622,19622,327261.5,1636,1,2,392,392
ENSP00000286317,ENSP00000290663,687,8944,0,425.5,0,3.5,0,0,688,19179.5,19621.5,19622,19622,19622,36794.5,687,1,2,308,308
ENSP00000286317,ENSP00000054650,529.5,7303,0,321.5,0,3.5,0,0,530.5,18682,19620.5,19622,19622,19622,26622.5,529.5,1,2,366,366
ENSP00000290663,ENSP00000349543,492.5,4338,0,381.5,0,3.5,0,0,493.5,19002.5,19621.5,19622,19622,19622,20765.5,492.5,1,2,326,326
ENSP00000290663,ENSP00000359518,557,5213.5,0,412.5,0,3.5,0,0,558,19099,19621.5,19622,19622,19622,30257.5,557,1,2,605,605
ENSP00000221265,ENSP00000349543,645,5312.5,0,442.5,0,3.5,0,0,646,19154,19621.5,19622,19622,19622,47950.5,645,1,2,326,326
ENSP00000221265,ENSP00000374280,997,9222.5,0,515,0,3.5,0,0,998,19399.5,19621.5,19622,19622,19622,121028.5,997,1,2,338,338
ENSP00000349543,ENSP00000374280,837,7903,0,454.5,0,3,0,0,838,19232.5,19622,19622,19622,19622,92816,837,1,2,437,437
ENSP00000221265,ENSP00000318297,1601.5,51877.5,0,515,0,3.5,0,0,1602.5,19425.5,19621.5,19622,19622,19622,339445,1601.5,1,2,338,338
ENSP00000349543,ENSP00000318297,1441.5,50558,0,454.5,0,3,0,0,1442.5,19258.5,19622,19622,19622,19622,311232.5,1441.5,1,2,392,392
ENSP00000221265,ENSP00000245838,1106.5,13028.5,0,515,0,3.5,0,0,1107.5,19389.5,19621.5,19622,19622,19622,148563.5,1106.5,1,2,338,338
ENSP00000349543,ENSP00000245838,946.5,11709,0,454.5,0,3,0,0,947.5,19222.5,19622,19622,19622,19622,120351,946.5,1,2,437,437
ENSP00000349543,ENSP00000352925,1157,20904.5,0,454.5,0,3,0,0,1158,19255.5,19622,19622,19622,19622,152702,1157,1,2,403,403
ENSP00000257118,ENSP00000262518,891,8845.5,0,423,0,3.5,0,0,892,19199.5,19621.5,19622,19622,19622,120375,891,1,2,469,469
ENSP00000369424,ENSP00000296504,1328,21290.5,0,446.5,0,3.5,0,0,1329,19227.5,19621.5,19622,19622,19622,265105.5,1328,1,2,582,582
ENSP00000374280,ENSP00000261600,1035.5,11816.5,0,517.5,0,3.5,0,0,1036.5,19438,19621,19622,19622,19622,126272.5,1035.5,1,2,518,518
ENSP00000374280,ENSP00000352925,1509,24814.5,0,527,0,3,0,0,1510,19501,19622,19622,19622,19622,225780,1509,1,2,403,403
ENSP00000374280,ENSP00000318297,1793.5,54468,0,527,0,3,0,0,1794.5,19504,19622,19622,19622,19622,384310.5,1793.5,1,2,392,392
ENSP00000318297,ENSP00000262519,2069.5,59775.5,0,527,0,3,0,0,2070.5,19513.5,19622,19622,19622,19622,471192.5,2069.5,1,2,326,326
ENSP00000392617,ENSP00000054650,496,3955.5,0,332.5,0,3.5,0,0,497,18692,19620.5,19622,19622,19622,35683.5,496,1,2,366,366
ENSP00000269305,ENSP00000325074,4377.5,454643,0,527,0,3,0,0,4378.5,19568,19622,19622,19622,19622,1381757,4377.5,1,2,273,273
ENSP00000269305,ENSP00000424870,4158.5,446929.5,0,523.5,0,3,0,0,4159.5,19465.5,19622,19622,19622,19622,1366768.5,4158.5,1,2,273,273
ENSP00000341551,ENSP00000385899,1399.5,20748,0,420,0,3,0,0,1400.5,19389,19622,19622,19622,19622,337361,1399.5,1,2,442,442
ENSP00000241453,ENSP00000296930,2020.5,26552.5,0,527,0,3,0,0,2021.5,19537.5,19622,19622,19622,19622,531071.5,2020.5,1,2,273,273
ENSP00000296930,ENSP00000264709,2348.5,37895,0,527,0,3,0,0,2349.5,19560,19622,19622,19622,19622,608028,2348.5,1,2,440,440
ENSP00000386593,ENSP00000386759,1875,37101,0,527,0,3,0,0,1876,19538.5,19622,19622,19622,19622,344667,1875,1,2,297,297
